id	num	neg|score	neg|p-value	neg|fdr	neg|rank	neg|goodsgrna	neg|lfc	pos|score	pos|p-value	pos|fdr	pos|rank	pos|goodsgrna	pos|lfc
V172A	30	1.1851e-24	0.022368	0.363958	1	30	-1.8549	1.0	1.0	1.0	1207	0	-1.8549
V173A	30	5.492e-24	0.022368	0.363958	2	30	-1.9488	1.0	1.0	1.0	1209	0	-1.9488
R174R	25	1.4761e-22	0.0096629	0.363958	3	25	-2.0753	1.0	1.0	1.0	1188	0	-2.0753
H179PfsTer2	56	7.7784e-22	0.14065	1.0	4	54	-1.5465	1.0	1.0	1.0	1204	0	-1.5465
R174W	30	1.9804e-21	0.022368	0.363958	5	30	-1.9968	1.0	1.0	1.0	1210	0	-1.9968
V173E	30	2.714e-21	0.022368	0.363958	6	30	-1.7631	1.0	1.0	1.0	1206	0	-1.7631
E171Ter	30	3.9686e-21	0.022368	0.363958	7	30	-1.856	1.0	1.0	1.0	1208	0	-1.856
V172D	30	4.5541e-18	0.022368	0.363958	8	30	-1.7653	1.0	1.0	1.0	1197	0	-1.7653
E171G	30	5.8515e-18	0.022368	0.363958	9	30	-1.5834	1.0	1.0	1.0	1202	0	-1.5834
G244D	30	7.1958e-18	0.022368	0.363958	10	30	-1.0032	1.0	1.0	1.0	1203	0	-1.0032
E171K	30	1.0649e-17	0.022368	0.363958	11	30	-1.6701	1.0	1.0	1.0	1205	0	-1.6701
M246V	27	3.6591e-17	0.014924	0.363958	12	26	-1.204	1.0	1.0	1.0	1160	0	-1.204
M246T	27	2.3671e-16	0.014924	0.363958	13	27	-1.1151	1.0	1.0	1.0	1194	0	-1.1151
V173Ter	29	4.4257e-16	0.022255	0.363958	14	26	-2.0018	1.0	1.0	1.0	1119	1	-2.0018
H179R	27	8.9686e-16	0.014924	0.363958	15	25	-2.0117	0.99984	0.99996	1.0	1065	1	-2.0117
H179D	27	1.819e-15	0.014924	0.363958	16	27	-1.6895	1.0	1.0	1.0	1201	0	-1.6895
V173G	30	2.5968e-15	0.022368	0.363958	17	30	-1.3822	1.0	1.0	1.0	1199	0	-1.3822
H179Y	27	2.6977e-15	0.014924	0.363958	18	27	-1.6285	1.0	1.0	1.0	1200	0	-1.6285
V173M	30	3.3301e-15	0.022368	0.363958	19	30	-1.5671	1.0	1.0	1.0	1196	0	-1.5671
H178D	28	4.6053e-15	0.017276	0.363958	20	27	-1.7466	1.0	1.0	1.0	1183	0	-1.7466
G244V	30	9.9786e-15	0.022368	0.363958	21	29	-0.87571	1.0	1.0	1.0	1184	0	-0.87571
C176R	29	1.002e-14	0.022255	0.363958	22	27	-1.862	1.0	1.0	1.0	1174	0	-1.862
G245V	27	1.0121e-14	0.014924	0.363958	23	27	-0.94609	1.0	1.0	1.0	1198	0	-0.94609
H179N	28	1.2336e-14	0.017276	0.363958	24	26	-1.6821	0.99999	0.99998	1.0	1106	1	-1.6821
G245D	27	1.7258e-14	0.014924	0.363958	25	26	-0.8592	1.0	1.0	1.0	1178	0	-0.8592
V172F	30	5.1676e-14	0.022368	0.363958	26	29	-1.4829	1.0	1.0	1.0	1169	0	-1.4829
P177R	28	5.1759e-14	0.017276	0.363958	27	26	-1.6277	1.0	1.0	1.0	1175	0	-1.6277
H178R	28	6.0305e-14	0.017276	0.363958	28	26	-1.7007	1.0	1.0	1.0	1166	0	-1.7007
C176F	28	7.361e-14	0.017276	0.363958	29	28	-1.4495	1.0	1.0	1.0	1195	0	-1.4495
E258A	30	8.2372e-14	0.022368	0.363958	30	17	-1.3436	0.06449	0.14455	0.447882	390	9	-1.3436
G244C	30	2.1882e-13	0.022368	0.363958	31	29	-0.87259	1.0	1.0	1.0	1193	0	-0.87259
M169I	26	3.3665e-13	0.011898	0.363958	32	23	-1.6508	1.0	1.0	1.0	1162	0	-1.6508
T170M	30	4.3954e-13	0.022368	0.363958	33	28	-1.5548	1.0	1.0	1.0	1176	0	-1.5548
R175H	29	4.89e-13	0.022255	0.363958	34	28	-1.7444	1.0	1.0	1.0	1192	0	-1.7444
D259V	27	5.6794e-13	0.014924	0.363958	35	15	-1.2418	0.0063597	0.022776	0.091625	297	6	-1.2418
R175G	29	5.8574e-13	0.022255	0.363958	36	27	-1.4783	1.0	1.0	1.0	1171	0	-1.4783
M246L	27	7.2102e-13	0.014924	0.363958	37	27	-0.76847	1.0	1.0	1.0	1189	0	-0.76847
T170T	25	8.052e-13	0.0096629	0.363958	38	22	-1.7883	1.0	1.0	1.0	1158	0	-1.7883
E258V	30	8.552e-13	0.022368	0.363958	39	20	-1.3448	0.040258	0.10405	0.337747	369	8	-1.3448
G245S	29	8.7869e-13	0.022255	0.363958	40	28	-0.83836	1.0	1.0	1.0	1191	0	-0.83836
H178H	27	1.0611e-12	0.014924	0.363958	41	25	-1.6341	1.0	1.0	1.0	1170	0	-1.6341
C176Y	28	1.2621e-12	0.017276	0.363958	42	25	-1.7635	0.99925	0.99983	1.0	1041	1	-1.7635
R175PfsTer72	15	1.7014e-12	0.0018519	0.363958	43	15	-1.8602	1.0	1.0	1.0	1187	0	-1.8602
R175C	29	1.7419e-12	0.022255	0.363958	44	25	-1.6005	1.0	1.0	1.0	1163	0	-1.6005
P301S	30	2.0432e-12	0.022368	0.363958	45	26	-1.6706	0.95917	0.99471	1.0	912	4	-1.6706
G302RfsTer4	30	2.1158e-12	0.022368	0.363958	46	28	-1.4638	0.99995	1.0	1.0	1086	2	-1.4638
R174G	30	2.4206e-12	0.022368	0.363958	47	26	-1.4319	1.0	1.0	1.0	1128	0	-1.4319
M243I	30	2.5288e-12	0.022368	0.363958	48	29	-0.77046	1.0	1.0	1.0	1190	0	-0.77046
D259A	27	2.6001e-12	0.014924	0.363958	49	16	-1.2306	0.26944	0.56413	1.0	529	6	-1.2306
G245C	29	2.8753e-12	0.022255	0.363958	50	28	-0.80575	1.0	1.0	1.0	1179	0	-0.80575
H179P	27	3.0352e-12	0.014924	0.363958	51	24	-1.6636	0.99854	0.99982	1.0	1026	1	-1.6636
H179L	27	3.6689e-12	0.014924	0.363958	52	25	-1.6723	0.97755	0.9972	1.0	940	1	-1.6723
E258D	30	4.007e-12	0.022368	0.363958	53	17	-1.3476	0.19765	0.39838	0.977634	487	7	-1.3476
D259H	27	4.2986e-12	0.014924	0.363958	54	17	-1.1481	0.010048	0.026092	0.102942	310	8	-1.1481
H178N	28	4.6677e-12	0.017276	0.363958	55	27	-1.5536	1.0	1.0	1.0	1185	0	-1.5536
E258Ter	30	6.2582e-12	0.022368	0.363958	56	16	-1.2495	0.032751	0.09372	0.313338	362	11	-1.2495
P177S	28	1.0351e-11	0.017276	0.363958	57	25	-1.675	1.0	1.0	1.0	1149	0	-1.675
C176Ter	28	2.094e-11	0.017276	0.363958	58	25	-1.657	1.0	1.0	1.0	1154	0	-1.657
E258E	30	2.1093e-11	0.022368	0.363958	59	19	-1.2652	0.60306	0.83839	1.0	671	7	-1.2652
G245AfsTer2	30	2.4481e-11	0.022368	0.363958	60	28	-0.8988	1.0	1.0	1.0	1186	0	-0.8988
T170K	30	2.8792e-11	0.022368	0.363958	61	24	-1.5161	1.0	1.0	1.0	1134	0	-1.5161
M246R	27	3.216e-11	0.014924	0.363958	62	26	-0.8897	1.0	1.0	1.0	1181	0	-0.8897
C176S	30	3.8476e-11	0.022368	0.363958	63	26	-1.5925	1.0	1.0	1.0	1143	0	-1.5925
M246K	27	4.7625e-11	0.014924	0.363958	64	25	-0.81305	1.0	1.0	1.0	1155	0	-0.81305
V173L	30	5.5462e-11	0.022368	0.363958	65	27	-1.3229	1.0	1.0	1.0	1172	0	-1.3229
P177H	28	6.4241e-11	0.01728	0.363958	66	26	-1.8995	0.99997	0.99997	1.0	1092	1	-1.8995
C176G	29	8.4135e-11	0.022259	0.363958	67	24	-1.7651	1.0	1.0	1.0	1159	0	-1.7651
N247I	27	8.6948e-11	0.014924	0.363958	68	26	-0.91084	1.0	1.0	1.0	1167	0	-0.91084
M243T	27	1.5055e-10	0.015582	0.363958	69	25	-0.86836	1.0	1.0	1.0	1177	0	-0.86836
C176_P177insL	28	1.9074e-10	0.01728	0.363958	70	24	-1.4658	0.92918	0.98617	1.0	866	1	-1.4658
L257R	30	2.2715e-10	0.025515	0.391399	71	15	-0.88865	0.22449	0.42188	1.0	504	7	-0.88865
P177L	28	4.1923e-10	0.01728	0.363958	72	26	-1.4529	1.0	1.0	1.0	1173	0	-1.4529
E258G	30	4.4422e-10	0.025519	0.391399	73	19	-1.1427	0.19626	0.39838	0.977634	484	8	-1.1427
L257Q	30	5.4793e-10	0.025519	0.391399	74	17	-1.1271	0.86656	0.97595	1.0	816	8	-1.1271
N247T	27	5.9497e-10	0.015582	0.363958	75	25	-0.91032	1.0	1.0	1.0	1180	0	-0.91032
P301QfsTer44	30	8.4656e-10	0.026955	0.403405	76	27	-1.3492	0.1225	0.28537	0.781462	436	2	-1.3492
G302G	30	8.8775e-10	0.026959	0.403405	77	23	-1.5816	0.99907	0.99984	1.0	1035	2	-1.5816
E180D	6	5.9858e-09	0.00080289	0.363958	78	6	-2.1283	1.0	0.99994	1.0	1157	0	-2.1283
R248G	25	7.3988e-09	0.036409	0.538232	79	21	-1.0483	1.0	1.0	1.0	1117	0	-1.0483
G244S	30	1.4012e-08	0.081342	1.0	80	26	-0.78062	1.0	1.0	1.0	1182	0	-0.78062
E258Q	30	1.4518e-08	0.083707	1.0	81	15	-0.63699	0.02842	0.075403	0.256288	355	10	-0.63699
L257P	30	2.1616e-08	0.10287	1.0	82	17	-1.0657	0.36348	0.62537	1.0	564	6	-1.0657
G302WfsTer4	30	2.788e-08	0.10457	1.0	83	24	-1.3595	0.99105	0.99924	1.0	974	2	-1.3595
P278R	24	2.9901e-08	0.079644	1.0	84	22	-1.1783	1.0	1.0	1.0	1140	0	-1.1783
R175L	29	3.2072e-08	0.13473	1.0	85	24	-1.3014	1.0	1.0	1.0	1168	0	-1.3014
E180Ter	22	5.2025e-08	0.071691	1.0	86	17	-1.5039	0.77905	0.91815	1.0	752	4	-1.5039
D259Y	27	7.3402e-08	0.1154	1.0	87	15	-1.1281	0.0023502	0.0078393	0.034459	269	8	-1.1281
H178P	28	9.3956e-08	0.13504	1.0	88	23	-1.183	1.0	1.0	1.0	1131	0	-1.183
H178TfsTer69	28	1.0647e-07	0.13504	1.0	89	22	-1.282	1.0	1.0	1.0	1124	0	-1.282
C176W	28	1.2248e-07	0.15668	1.0	90	23	-1.2591	1.0	1.0	1.0	1164	0	-1.2591
E180G	17	1.4025e-07	0.042214	0.616631	91	13	-1.5622	0.65303	0.82924	1.0	690	4	-1.5622
M246I	27	1.468e-07	0.15338	1.0	92	23	-0.65883	1.0	1.0	1.0	1150	0	-0.65883
E180A	19	1.6451e-07	0.064784	0.935178	93	14	-1.3852	0.11662	0.20692	0.601649	430	4	-1.3852
L257V	30	1.7533e-07	0.17313	1.0	94	16	-0.85207	0.72013	0.94168	1.0	718	9	-0.85207
R248L	24	2.3326e-07	0.10775	1.0	95	20	-0.94582	0.99969	0.99995	1.0	1055	1	-0.94582
E180K	21	2.6699e-07	0.095915	1.0	96	15	-1.548	0.065467	0.15981	0.49021	391	4	-1.548
R181C	6	4.3757e-07	0.0024894	0.363958	97	6	-1.828	1.0	0.99965	1.0	1139	0	-1.828
S261VfsTer84	27	6.4835e-07	0.18826	1.0	98	20	-1.1149	0.056016	0.13089	0.420416	381	4	-1.1149
P278A	28	6.8244e-07	0.18802	1.0	99	23	-1.0959	1.0	1.0	1.0	1120	1	-1.0959
A83T	27	7.5729e-07	0.18827	1.0	100	21	-1.1396	0.99995	0.99996	1.0	1082	1	-1.1396
S260F	28	8.1816e-07	0.21687	1.0	101	21	-0.99915	0.69335	0.91912	1.0	710	4	-0.99915
R280EfsTer65	54	9.3147e-07	0.64582	1.0	102	37	-0.99006	0.99998	1.0	1.0	1096	4	-0.99006
A307P	30	1.0321e-06	0.24614	1.0	103	23	-1.0248	1.0	1.0	1.0	1165	0	-1.0248
I232M	28	1.1078e-06	0.21688	1.0	104	19	-1.0461	0.96518	0.99431	1.0	917	5	-1.0461
T253_I254insC	30	1.1234e-06	0.24615	1.0	105	15	-0.49629	0.99605	0.99956	1.0	1006	4	-0.49629
R306R	30	1.2032e-06	0.24615	1.0	106	23	-0.96704	1.0	1.0	1.0	1153	0	-0.96704
G245A	27	1.7005e-06	0.25465	1.0	107	22	-0.52387	1.0	1.0	1.0	1133	0	-0.52387
R248W	25	1.9442e-06	0.19199	1.0	108	19	-0.98395	0.99999	1.0	1.0	1113	0	-0.98395
H179EfsTer392	27	2.2235e-06	0.25695	1.0	109	22	-1.0869	0.9803	0.99802	1.0	944	4	-1.0869
P151R	17	2.2675e-06	0.090396	1.0	110	15	-1.1641	0.77756	0.93455	1.0	749	1	-1.1641
R156AfsTer14	24	2.3584e-06	0.19213	1.0	111	20	-1.2309	0.99999	1.0	1.0	1108	0	-1.2309
R249GfsTer96	27	2.4019e-06	0.25695	1.0	112	21	-1.0008	0.99998	1.0	1.0	1099	1	-1.0008
S261T	27	2.7402e-06	0.25695	1.0	113	17	-0.98015	0.24994	0.43535	1.0	521	4	-0.98015
E258K	30	2.778e-06	0.28637	1.0	114	16	-0.82203	0.0030844	0.010825	0.046279	278	9	-0.82203
R249W	24	2.9466e-06	0.19213	1.0	115	18	-1.0745	1.0	1.0	1.0	1144	0	-1.0745
T150AfsTer16	12	2.9795e-06	0.082415	1.0	116	10	-1.5212	0.99993	0.99997	1.0	1078	0	-1.5212
R248Q	24	3.053e-06	0.19213	1.0	117	18	-0.824	0.99999	1.0	1.0	1111	0	-0.824
Y234H	17	4.0282e-06	0.10016	1.0	118	13	-1.0684	0.99005	0.99536	1.0	970	2	-1.0684
S261I	27	4.4714e-06	0.26059	1.0	119	19	-0.9359	0.2575	0.51345	1.0	523	3	-0.9359
W146C	15	4.656e-06	0.15246	1.0	120	14	-1.1006	0.99999	1.0	1.0	1109	0	-1.1006
V147L	15	4.8141e-06	0.15246	1.0	121	14	-1.0778	1.0	1.0	1.0	1136	0	-1.0778
D259G	27	5.8037e-06	0.29034	1.0	122	15	-0.87564	0.0092111	0.025285	0.100404	307	9	-0.87564
V147LfsTer23	15	5.831e-06	0.15247	1.0	123	14	-0.89046	0.99996	0.99998	1.0	1087	0	-0.89046
I232F	30	6.2845e-06	0.37304	1.0	124	23	-0.66812	0.99951	0.99996	1.0	1046	3	-0.66812
R335VfsTer10	30	7.3961e-06	0.37305	1.0	125	23	-0.82123	0.99998	1.0	1.0	1095	1	-0.82123
P278L	30	7.8013e-06	0.37305	1.0	126	23	-0.91226	0.72657	0.94554	1.0	723	4	-0.91226
R158R	30	8.5476e-06	0.37305	1.0	127	22	-0.86378	0.9671	0.99699	1.0	920	2	-0.86378
L252TfsTer392	30	1.1618e-05	0.37814	1.0	128	19	-1.0009	0.99081	0.99924	1.0	973	3	-1.0009
C275R	29	1.2077e-05	0.37113	1.0	129	19	-1.0884	0.98365	0.99833	1.0	956	5	-1.0884
R333VfsTer12	30	1.3861e-05	0.37815	1.0	130	22	-0.71214	1.0	1.0	1.0	1137	0	-0.71214
R249M	24	1.4801e-05	0.39442	1.0	131	19	-0.94573	0.99985	0.99996	1.0	1066	1	-0.94573
L145P	18	2.3958e-05	0.2612	1.0	132	15	-1.0728	1.0	1.0	1.0	1123	0	-1.0728
P278P	30	2.5267e-05	0.53275	1.0	133	20	-0.92577	0.31976	0.62028	1.0	549	5	-0.92577
K305T	24	2.6222e-05	0.40494	1.0	134	17	-1.199	1.0	1.0	1.0	1135	0	-1.199
A83V	27	4.2897e-05	0.52882	1.0	135	20	-0.92768	1.0	1.0	1.0	1145	0	-0.92768
A83P	27	4.5381e-05	0.52883	1.0	136	20	-0.97472	0.98996	0.99887	1.0	968	4	-0.97472
C182AfsTer65	3	4.9065e-05	0.010615	0.363958	137	3	-2.3085	0.99995	0.9922	1.0	1083	0	-2.3085
V274G	28	4.9667e-05	0.52458	1.0	138	16	-0.66513	0.98125	0.99784	1.0	945	4	-0.66513
A78A	26	5.878e-05	0.48906	1.0	139	19	-1.0219	0.99284	0.99915	1.0	984	1	-1.0219
I251SfsTer94	22	6.0499e-05	0.4241	1.0	140	17	-1.2846	0.99437	0.99883	1.0	994	1	-1.2846
C242Ter	30	6.0586e-05	0.59622	1.0	141	21	-0.60038	0.68487	0.89958	1.0	704	5	-0.60038
R249K	24	6.3276e-05	0.41073	1.0	142	18	-0.97701	0.99999	1.0	1.0	1116	0	-0.97701
R181H	3	6.5191e-05	0.010615	0.363958	143	3	-1.9783	0.99993	0.9922	1.0	1081	0	-1.9783
R175AfsTer72	14	6.5824e-05	0.21195	1.0	144	12	-1.4751	0.99999	1.0	1.0	1107	0	-1.4751
Y234N	18	6.6932e-05	0.30191	1.0	145	15	-0.92214	0.99001	0.99515	1.0	969	2	-0.92214
C275G	30	6.883e-05	0.6038	1.0	146	19	-0.94126	0.81813	0.9542	1.0	781	5	-0.94126
R248P	24	7.512e-05	0.44181	1.0	147	17	-0.677	0.99996	1.0	1.0	1088	1	-0.677
H233D	28	8.8563e-05	0.57609	1.0	148	20	-0.72042	0.99427	0.99954	1.0	993	3	-0.72042
R158_A159insP	30	0.00010268	0.62475	1.0	149	19	-1.093	0.46034	0.71008	1.0	612	3	-1.093
A159D	30	0.00010692	0.62475	1.0	150	20	-0.83871	0.98147	0.99765	1.0	946	6	-0.83871
P278H	30	0.00010863	0.63326	1.0	151	20	-0.99495	0.7868	0.94798	1.0	761	2	-0.99495
R306Q	30	0.00011177	0.63326	1.0	152	21	-0.85129	0.99999	1.0	1.0	1112	1	-0.85129
Y234D	18	0.00011392	0.33341	1.0	153	13	-0.86891	0.94638	0.98382	1.0	884	3	-0.86891
R156PfsTer17	25	0.00012935	0.5439	1.0	154	17	-1.3484	0.99196	0.99876	1.0	978	2	-1.3484
G334W	30	0.00013915	0.65705	1.0	155	21	-0.7291	0.99999	1.0	1.0	1110	1	-0.7291
Y234C	17	0.00014681	0.34697	1.0	156	12	-0.97589	0.96356	0.99194	1.0	915	2	-0.97589
P85L	23	0.00015436	0.50518	1.0	157	17	-0.89245	0.99999	1.0	1.0	1105	0	-0.89245
S149PfsTer21	13	0.00015925	0.25816	1.0	158	10	-1.235	0.57803	0.76443	1.0	662	1	-1.235
D259E	27	0.00016158	0.55854	1.0	159	13	-0.36387	0.001098	0.0026992	0.013195	256	10	-0.36387
G279W	30	0.00017781	0.65705	1.0	160	20	-0.95926	0.87528	0.97596	1.0	819	4	-0.95926
C182C	3	0.00017937	0.022832	0.363958	161	3	-1.7291	0.99982	0.98762	1.0	1063	0	-1.7291
R337G	30	0.00018278	0.65706	1.0	162	21	-0.71538	1.0	1.0	1.0	1156	0	-0.71538
V274D	29	0.0001833	0.61948	1.0	163	20	-0.87518	0.82105	0.96176	1.0	784	8	-0.87518
D281G	27	0.00018979	0.60117	1.0	164	19	-0.85667	0.99999	1.0	1.0	1114	0	-0.85667
V274V	30	0.00019225	0.65706	1.0	165	21	-0.87883	0.93098	0.99191	1.0	867	5	-0.87883
G334R	30	0.0002234	0.65706	1.0	166	21	-0.75153	0.99995	0.99999	1.0	1084	1	-0.75153
G244NfsTer390	21	0.00022881	0.45607	1.0	167	13	-0.61618	0.99678	0.99837	1.0	1011	2	-0.61618
R181P	3	0.00023413	0.02284	0.363958	168	3	-1.7341	0.99977	0.98761	1.0	1060	0	-1.7341
D281A	27	0.000235	0.63125	1.0	169	19	-0.89986	0.99906	0.99983	1.0	1033	3	-0.89986
D259EfsTer5	25	0.00024245	0.59788	1.0	170	13	-0.44467	0.012425	0.036493	0.139365	317	10	-0.44467
V147D	15	0.00025572	0.31999	1.0	171	12	-0.94976	0.99998	1.0	1.0	1101	0	-0.94976
T256R	30	0.00027792	0.67045	1.0	172	19	-0.74211	0.99738	0.99981	1.0	1014	3	-0.74211
L257TfsTer7	26	0.00030355	0.63738	1.0	173	17	-0.69478	0.87641	0.96592	1.0	820	5	-0.69478
C275W	27	0.00031903	0.67297	1.0	174	19	-0.80772	0.99921	0.99983	1.0	1040	3	-0.80772
P82L	30	0.00037359	0.71291	1.0	175	20	-0.9767	1.0	1.0	1.0	1146	0	-0.9767
P151H	18	0.00039411	0.44565	1.0	176	14	-0.8893	0.99919	0.99916	1.0	1038	1	-0.8893
P72S	20	0.0004433	0.5074	1.0	177	14	-1.2542	0.97741	0.99365	1.0	939	3	-1.2542
R158AfsTer12	26	0.00044639	0.63739	1.0	178	18	-1.1184	0.99677	0.99929	1.0	1010	1	-1.1184
P82RfsTer41	30	0.00046137	0.71292	1.0	179	20	-0.6648	0.99995	1.0	1.0	1085	2	-0.6648
P177SfsTer387	6	0.00047922	0.094818	1.0	180	6	-1.6039	0.99951	0.9987	1.0	1045	0	-1.6039
G244R	30	0.00048044	0.7374	1.0	181	19	-0.54733	0.99997	1.0	1.0	1091	1	-0.54733
H179Q	21	0.00048144	0.54631	1.0	182	15	-0.92766	0.91459	0.97843	1.0	857	3	-0.92766
G279V	30	0.0005356	0.73741	1.0	183	20	-0.93127	0.99441	0.99952	1.0	995	2	-0.93127
A86RfsTer63	21	0.00057155	0.55765	1.0	184	15	-0.84177	0.99906	0.99959	1.0	1034	1	-0.84177
A159_M160insTRHPRPR	6	0.00059232	0.11748	1.0	185	5	-1.7915	0.98929	0.99602	1.0	966	0	-1.7915
R249G	24	0.00061135	0.61248	1.0	186	16	-0.74138	0.99964	0.99994	1.0	1051	1	-0.74138
T230T	26	0.00062423	0.66195	1.0	187	18	-0.76947	0.99973	0.99994	1.0	1058	2	-0.76947
P82P	14	0.000651	0.33606	1.0	188	10	-0.96465	0.99991	0.99998	1.0	1075	0	-0.96465
R306Ter	30	0.00065189	0.7775	1.0	189	20	-0.69297	1.0	1.0	1.0	1138	0	-0.69297
R249T	24	0.0006649	0.61248	1.0	190	16	-0.66701	0.98203	0.99854	1.0	951	2	-0.66701
I332N	10	0.00072446	0.20585	1.0	191	7	-1.3659	0.98004	0.97384	1.0	943	1	-1.3659
E336G	30	0.0007743	0.79276	1.0	192	20	-0.64283	1.0	1.0	1.0	1152	0	-0.64283
K139T	17	0.00078435	0.46228	1.0	193	13	-0.67292	1.0	1.0	1.0	1129	0	-0.67292
E339DfsTer7	24	0.00078791	0.6384	1.0	194	15	-0.98078	0.76597	0.93852	1.0	743	4	-0.98078
F270C	29	0.00080892	0.76667	1.0	195	11	-0.26484	0.30712	0.58424	1.0	542	11	-0.26484
A83RfsTer40	30	0.00081175	0.79277	1.0	196	17	-0.90729	1.0	1.0	1.0	1121	1	-0.90729
WT	301	0.00096386	0.98468	1.0	197	118	-0.12425	0.67432	0.92984	1.0	702	104	-0.12425
R280G	30	0.00099993	0.79597	1.0	198	19	-0.89523	1.0	1.0	1.0	1127	1	-0.89523
C229Ter	25	0.0010367	0.68172	1.0	199	17	-0.72954	0.97507	0.99595	1.0	936	3	-0.72954
I232N	27	0.0010387	0.70336	1.0	200	18	-0.58917	0.95845	0.99307	1.0	911	4	-0.58917
Y163D	23	0.0011763	0.66284	1.0	201	15	-0.99435	0.99159	0.99823	1.0	977	1	-0.99435
A276D	27	0.001274	0.73725	1.0	202	18	-0.87784	0.99986	0.99996	1.0	1069	2	-0.87784
T231A	28	0.0013072	0.73647	1.0	203	18	-0.90492	0.89912	0.97864	1.0	844	3	-0.90492
A159V	30	0.0014379	0.79598	1.0	204	16	-0.63176	0.98842	0.99923	1.0	965	5	-0.63176
G279E	30	0.0014451	0.79598	1.0	205	19	-0.81462	0.93754	0.99191	1.0	872	2	-0.81462
R273G	28	0.001531	0.77131	1.0	206	11	-0.0032045	0.25395	0.47954	1.0	522	10	-0.0032045
E3Ter	30	0.0016289	0.8014	1.0	207	19	-0.78076	0.99993	0.99999	1.0	1080	2	-0.78076
R280Ter	30	0.0016928	0.8014	1.0	208	18	-0.81023	0.98722	0.99863	1.0	962	5	-0.81023
R249S	21	0.0017572	0.63412	1.0	209	14	-0.9493	0.99998	1.0	1.0	1100	0	-0.9493
V147A	15	0.0018121	0.45728	1.0	210	11	-1.3555	0.99999	1.0	1.0	1115	0	-1.3555
F270S	30	0.001874	0.8014	1.0	211	13	-0.1045	0.18478	0.39838	0.977634	476	13	-0.1045
Y234S	18	0.0018928	0.57775	1.0	212	11	-0.71	0.84167	0.95096	1.0	797	4	-0.71
R280S	30	0.0019252	0.8014	1.0	213	18	-0.90207	0.95246	0.99192	1.0	898	2	-0.90207
A276G	28	0.0019473	0.82506	1.0	214	17	-0.8385	0.99641	0.99955	1.0	1008	3	-0.8385
P36A	30	0.001958	0.8014	1.0	215	19	-0.6696	1.0	1.0	1.0	1132	0	-0.6696
P278T	27	0.0020012	0.79774	1.0	216	16	-0.81987	0.99964	0.99984	1.0	1052	2	-0.81987
A159RfsTer22	29	0.0025109	0.85276	1.0	217	15	-0.62437	0.99987	0.99997	1.0	1070	2	-0.62437
I332F	12	0.0025919	0.5613	1.0	218	8	-1.356	0.97409	0.98313	1.0	933	1	-1.356
R156L	27	0.0026214	0.80549	1.0	219	15	-0.64534	0.98487	0.99808	1.0	957	3	-0.64534
L145Q	18	0.0026256	0.62689	1.0	220	12	-0.93492	0.99998	1.0	1.0	1103	0	-0.93492
F338L	27	0.0026823	0.80549	1.0	221	16	-0.655	0.95168	0.99306	1.0	895	1	-0.655
E298E	30	0.0026899	0.8645	1.0	222	19	-0.62153	0.14698	0.29519	0.783989	458	5	-0.62153
E349NfsTer21	30	0.0027244	0.8645	1.0	223	9	0.036016	0.55335	0.77256	1.0	654	10	0.036016
I232T	27	0.0027807	0.82497	1.0	224	16	-0.51629	0.81207	0.95317	1.0	778	5	-0.51629
A276P	29	0.0028158	0.85276	1.0	225	16	-0.8197	0.99833	0.99973	1.0	1023	3	-0.8197
T150HfsTer31	13	0.0028832	0.59778	1.0	226	9	-1.0888	0.99866	0.9999	1.0	1029	0	-1.0888
V147I	15	0.0029462	0.55917	1.0	227	11	-0.88224	0.99989	0.99997	1.0	1074	0	-0.88224
I162N	26	0.0030046	0.79818	1.0	228	16	-0.82477	0.8893	0.9718	1.0	833	3	-0.82477
V157D	30	0.0032618	0.8739	1.0	229	17	-0.95076	0.55445	0.78602	1.0	656	8	-0.95076
M169V	8	0.0033387	0.38461	1.0	230	7	-1.5723	0.72635	0.83165	1.0	722	1	-1.5723
R282L	24	0.00338	0.76185	1.0	231	13	-0.79739	0.91138	0.9835	1.0	855	3	-0.79739
D148H	13	0.0035563	0.61516	1.0	232	10	-0.84431	0.99857	0.9999	1.0	1027	0	-0.84431
G245R	29	0.0036077	0.87456	1.0	233	18	-0.44177	1.0	1.0	1.0	1161	0	-0.44177
T253A	30	0.0036341	0.87391	1.0	234	15	-0.57309	0.99943	0.99996	1.0	1043	3	-0.57309
L257SfsTer8	21	0.0036785	0.68492	1.0	235	12	-0.42885	0.80791	0.94019	1.0	775	4	-0.42885
C242W	30	0.0037178	0.87391	1.0	236	18	-0.41967	0.68819	0.89958	1.0	708	4	-0.41967
T150T	13	0.003731	0.61516	1.0	237	10	-0.92245	0.9689	0.98631	1.0	922	1	-0.92245
K305Ter	24	0.0037524	0.76185	1.0	238	15	-0.75468	0.99955	0.99994	1.0	1049	2	-0.75468
M160V	28	0.003759	0.84999	1.0	239	17	-0.79731	0.99366	0.99954	1.0	987	3	-0.79731
M40V	27	0.0038107	0.8296	1.0	240	15	-0.72781	0.99964	0.99983	1.0	1050	1	-0.72781
P82TfsTer67	17	0.0038991	0.70226	1.0	241	12	-0.6892	0.99991	1.0	1.0	1076	0	-0.6892
C275F	21	0.0039754	0.73837	1.0	242	11	-0.50142	0.032185	0.08758	0.295248	360	7	-0.50142
T253I	30	0.0041373	0.89192	1.0	243	17	-0.66974	0.99973	0.99996	1.0	1057	3	-0.66974
I232S	27	0.0042359	0.82961	1.0	244	15	-0.53505	0.95323	0.99306	1.0	904	6	-0.53505
C242Y	30	0.0042892	0.89192	1.0	245	16	-0.38558	0.0031788	0.010825	0.046279	280	10	-0.38558
P190A	27	0.0043841	0.82961	1.0	246	17	-0.76663	0.85779	0.97343	1.0	811	3	-0.76663
S362S	4	0.0043867	0.2556	1.0	247	4	-1.2561	0.99561	0.9877	1.0	1002	0	-1.2561
R280T	30	0.0045147	0.89192	1.0	248	16	-0.86486	0.65061	0.84344	1.0	688	8	-0.86486
D7H	27	0.0045869	0.82961	1.0	249	17	-0.7015	0.99984	0.99996	1.0	1064	1	-0.7015
R282R	24	0.0046589	0.78464	1.0	250	14	-0.77908	0.84496	0.94788	1.0	801	3	-0.77908
M160K	28	0.0046747	0.85381	1.0	251	12	-0.35315	0.95485	0.99405	1.0	906	6	-0.35315
G154AfsTer16	50	0.0047112	0.98282	1.0	252	27	-0.65286	0.99997	1.0	1.0	1090	6	-0.65286
P13L	27	0.0047247	0.82961	1.0	253	17	-0.70647	0.83103	0.95611	1.0	792	3	-0.70647
R283C	22	0.0047672	0.82297	1.0	254	14	-0.81753	0.88669	0.97206	1.0	831	4	-0.81753
G356A	12	0.0049417	0.57589	1.0	255	9	-0.7203	0.99965	0.99977	1.0	1053	0	-0.7203
T231N	30	0.0051006	0.89193	1.0	256	18	-0.63491	0.99396	0.99951	1.0	990	3	-0.63491
C242S	30	0.0051878	0.89193	1.0	257	13	-0.18642	0.045351	0.13828	0.435047	372	10	-0.18642
F341C	27	0.0057409	0.9009	1.0	258	16	-0.62085	0.49929	0.72007	1.0	628	7	-0.62085
E358E	10	0.0060266	0.52434	1.0	259	8	-0.81018	0.99787	0.99905	1.0	1020	0	-0.81018
T256K	30	0.0061677	0.92766	1.0	260	16	-0.45906	0.98183	0.99765	1.0	949	6	-0.45906
R337H	30	0.0063628	0.92995	1.0	261	18	-0.62337	1.0	1.0	1.0	1151	0	-0.62337
C275Ter	28	0.0066111	0.91758	1.0	262	15	-0.627	0.83323	0.96162	1.0	793	6	-0.627
D281H	27	0.0067457	0.90091	1.0	263	16	-0.84417	0.52309	0.74853	1.0	641	5	-0.84417
R282Q	24	0.0070296	0.88617	1.0	264	13	-0.8093	0.3734	0.6005	1.0	571	5	-0.8093
D281V	27	0.007195	0.90441	1.0	265	16	-0.74518	0.88874	0.97434	1.0	832	2	-0.74518
T253P	30	0.0075624	0.92995	1.0	266	13	-0.34109	0.87659	0.97596	1.0	823	6	-0.34109
C275LfsTer31	12	0.0076155	0.64881	1.0	267	8	-0.75926	0.086328	0.18979	0.561148	407	3	-0.75926
H297TfsTer48	29	0.0079094	0.9321	1.0	268	14	-0.47843	0.030531	0.10474	0.339102	358	11	-0.47843
A347T	30	0.0081516	0.92995	1.0	269	3	0.90985	1.6633e-05	7.6658e-05	0.000508	180	22	0.90985
V10I	25	0.0083088	0.90423	1.0	270	15	-0.78327	0.98239	0.99653	1.0	953	4	-0.78327
R282W	24	0.0083914	0.88618	1.0	271	13	-0.6815	0.5035	0.69467	1.0	633	5	-0.6815
E298Q	29	0.0096671	0.93468	1.0	272	16	-0.60145	0.38113	0.66882	1.0	578	9	-0.60145
I251S	18	0.010187	0.81731	1.0	273	11	-0.9323	0.99548	0.99821	1.0	1001	2	-0.9323
V274A	28	0.010197	0.92889	1.0	274	15	-0.64653	0.99291	0.99895	1.0	986	4	-0.64653
E298Ter	30	0.010336	0.94486	1.0	275	16	-0.75421	0.1804	0.39838	0.977634	472	8	-0.75421
F113LfsTer392	30	0.010774	0.94486	1.0	276	17	-0.70059	0.99131	0.99924	1.0	975	5	-0.70059
G334G	30	0.010836	0.94486	1.0	277	17	-0.56741	1.0	1.0	1.0	1147	0	-0.56741
M160WfsTer10	27	0.010957	0.92645	1.0	278	16	-0.63685	0.9987	0.99982	1.0	1030	3	-0.63685
R158H	30	0.011087	0.94487	1.0	279	17	-0.65045	0.2495	0.44343	1.0	520	10	-0.65045
F338S	27	0.01116	0.92982	1.0	280	15	-0.60449	0.99875	0.99982	1.0	1031	2	-0.60449
Y163N	23	0.011228	0.89083	1.0	281	14	-0.60125	0.94957	0.99013	1.0	888	1	-0.60125
P153S	25	0.011405	0.92268	1.0	282	15	-0.72099	0.94564	0.98817	1.0	882	3	-0.72099
V218_P219insRG	30	0.012076	0.94487	1.0	283	16	-0.56153	0.99993	0.99999	1.0	1079	2	-0.56153
G334V	30	0.013258	0.95121	1.0	284	15	-0.50023	1.0	1.0	1.0	1142	0	-0.50023
C242F	30	0.013413	0.95121	1.0	285	17	-0.37612	0.0058949	0.018305	0.07537	295	10	-0.37612
G279R	30	0.013482	0.9539	1.0	286	16	-0.72972	0.53785	0.77255	1.0	647	5	-0.72972
A276T	28	0.013553	0.94614	1.0	287	16	-0.67479	0.9994	0.99984	1.0	1042	3	-0.67479
P250P	21	0.013617	0.87876	1.0	288	10	-0.53884	0.27987	0.51178	1.0	533	4	-0.53884
C277Y	28	0.013832	0.94614	1.0	289	16	-0.69223	0.99377	0.99954	1.0	988	4	-0.69223
I162F	26	0.013884	0.92636	1.0	290	15	-0.7139	0.9741	0.99604	1.0	934	5	-0.7139
H296Q	30	0.0148	0.9539	1.0	291	15	-0.40149	0.21619	0.42187	1.0	500	9	-0.40149
A364T	9	0.01556	0.58122	1.0	292	6	-1.2237	0.64949	0.79763	1.0	687	2	-1.2237
E2E	29	0.015576	0.95362	1.0	293	16	-0.66003	0.99997	0.99999	1.0	1094	1	-0.66003
G154V	26	0.015904	0.93864	1.0	294	15	-0.5779	0.83599	0.96471	1.0	794	4	-0.5779
A86A	15	0.016629	0.79872	1.0	295	8	-0.80386	0.99863	0.99886	1.0	1028	1	-0.80386
I251T	18	0.016683	0.82905	1.0	296	10	-0.64456	0.81128	0.95095	1.0	777	1	-0.64456
W146Ter	15	0.016779	0.79872	1.0	297	10	-0.70278	0.99998	1.0	1.0	1098	0	-0.70278
K139N	17	0.016958	0.82085	1.0	298	11	-0.49949	0.99998	1.0	1.0	1097	0	-0.49949
E271K	29	0.017083	0.95613	1.0	299	11	-0.09765	0.41713	0.66883	1.0	598	11	-0.09765
I251M	18	0.017555	0.82905	1.0	300	11	-0.66268	0.92627	0.98381	1.0	864	3	-0.66268
P75LfsTer48	20	0.017956	0.88228	1.0	301	12	-0.71104	0.87645	0.97112	1.0	821	3	-0.71104
L145R	18	0.018299	0.82905	1.0	302	10	-0.71714	0.99787	0.99896	1.0	1019	1	-0.71714
N239VfsTer7	3	0.018387	0.28416	1.0	303	3	-1.7147	0.98161	0.96326	1.0	947	0	-1.7147
I254N	30	0.018877	0.96316	1.0	304	17	-0.55477	0.39554	0.64883	1.0	585	4	-0.55477
R342Q	27	0.01947	0.95071	1.0	305	15	-0.50675	0.17444	0.35658	0.915334	468	7	-0.50675
C277Ter	27	0.020264	0.95071	1.0	306	13	-0.58236	0.87388	0.97353	1.0	817	4	-0.58236
P82LfsTer69	20	0.020282	0.88228	1.0	307	12	-0.65512	0.21153	0.44359	1.0	497	5	-0.65512
P151S	12	0.020443	0.66506	1.0	308	8	-0.90656	0.99834	0.99976	1.0	1025	0	-0.90656
A161T	28	0.021852	0.9601	1.0	309	15	-0.68016	0.99988	0.99996	1.0	1073	1	-0.68016
S241C	21	0.022009	0.90464	1.0	310	9	-0.26891	0.0031249	0.0097436	0.042132	279	9	-0.26891
A84T	24	0.022724	0.93092	1.0	311	14	-0.56998	0.99999	1.0	1.0	1104	0	-0.56998
V147G	15	0.022854	0.80938	1.0	312	9	-0.91906	0.99977	0.99997	1.0	1061	0	-0.91906
S366S	8	0.023128	0.56106	1.0	313	6	-0.69619	0.6349	0.76639	1.0	684	1	-0.69619
E339VfsTer8	24	0.023714	0.9339	1.0	314	14	-0.55691	0.92899	0.98442	1.0	865	4	-0.55691
V272G	28	0.023742	0.96536	1.0	315	12	0.020536	0.09235	0.20985	0.607265	412	10	0.020536
M66I	6	0.024424	0.48859	1.0	316	4	-1.3191	0.012797	0.017079	0.071035	319	2	-1.3191
V218_P219insR	29	0.024758	0.96017	1.0	317	16	-0.59966	0.99744	0.99971	1.0	1016	3	-0.59966
C277F	28	0.024784	0.96536	1.0	318	14	-0.56387	0.99427	0.99954	1.0	992	1	-0.56387
S362R	4	0.025313	0.40396	1.0	319	3	-1.6184	0.34916	0.41292	0.993448	559	1	-1.6184
A159_M160insTR	28	0.025804	0.96536	1.0	320	15	-0.53187	0.015456	0.036687	0.139365	326	7	-0.53187
I251N	18	0.025977	0.86074	1.0	321	11	-0.63927	0.39848	0.62783	1.0	587	3	-0.63927
G266R	2	0.026216	0.19881	1.0	322	2	-1.9648	0.97378	0.89102	1.0	932	0	-1.9648
E271_V272insQL*	15	0.02657	0.80939	1.0	323	6	-0.26885	0.0082289	0.017054	0.071035	305	5	-0.26885
K139Ter	18	0.026879	0.86074	1.0	324	11	-0.56447	0.99998	1.0	1.0	1102	0	-0.56447
I332S	6	0.027169	0.4886	1.0	325	5	-0.93968	0.99538	0.9977	1.0	999	0	-0.93968
C275Y	27	0.027319	0.95691	1.0	326	12	-0.33628	0.85076	0.97342	1.0	806	5	-0.33628
P87S	15	0.027649	0.80939	1.0	327	8	-0.80585	0.99987	0.99997	1.0	1071	0	-0.80585
I255SfsTer90	12	0.027679	0.76264	1.0	328	7	-0.83001	0.99285	0.99624	1.0	985	1	-0.83001
Y234_N234del	3	0.028278	0.31333	1.0	329	3	-1.1959	0.97172	0.96326	1.0	928	0	-1.1959
P250L	21	0.028346	0.90465	1.0	330	11	-0.54163	0.22907	0.43618	1.0	506	4	-0.54163
P152S	12	0.028441	0.76265	1.0	331	8	-1.0276	0.84187	0.94141	1.0	798	2	-1.0276
E271V	29	0.028605	0.97212	1.0	332	10	-0.20852	0.50953	0.75025	1.0	636	10	-0.20852
C124G	24	0.028807	0.93391	1.0	333	13	-0.53001	0.58092	0.81547	1.0	663	5	-0.53001
P219GfsTer29	29	0.029215	0.97212	1.0	334	16	-0.45596	0.97357	0.99683	1.0	931	5	-0.45596
R273L	28	0.029853	0.96537	1.0	335	12	-0.37401	0.86081	0.96752	1.0	813	6	-0.37401
R273H	29	0.031425	0.97212	1.0	336	14	-0.39397	0.91907	0.98697	1.0	860	7	-0.39397
F113C	30	0.031674	0.97741	1.0	337	15	-0.63107	0.99203	0.99924	1.0	980	5	-0.63107
R273S	29	0.032083	0.97212	1.0	338	14	-0.39131	0.52073	0.7927	1.0	639	9	-0.39131
R158G	29	0.032197	0.97212	1.0	339	16	-0.41838	0.98833	0.99874	1.0	964	4	-0.41838
R337P	30	0.034251	0.97741	1.0	340	16	-0.52412	1.0	1.0	1.0	1125	1	-0.52412
R156H	28	0.035229	0.96982	1.0	341	15	-0.66683	0.99915	0.99983	1.0	1037	3	-0.66683
Y220D	28	0.035389	0.96982	1.0	342	15	-0.50911	0.9991	0.99983	1.0	1036	3	-0.50911
E271Ter	30	0.035624	0.97741	1.0	343	10	0.1226	0.015538	0.042037	0.155828	328	14	0.1226
P152R	15	0.036199	0.82685	1.0	344	9	-0.29757	0.18316	0.302	0.800344	474	5	-0.29757
G334E	30	0.036225	0.97741	1.0	345	13	-0.3219	1.0	1.0	1.0	1130	0	-0.3219
D281E	24	0.036703	0.9514	1.0	346	13	-0.60807	0.75352	0.93851	1.0	736	6	-0.60807
H168AfsTer13	2	0.036792	0.24258	1.0	347	1	-1.2561	0.6112	0.64191	1.0	674	0	-1.2561
R342R	24	0.038361	0.95141	1.0	348	13	-0.58295	0.33458	0.58721	1.0	551	5	-0.58295
P278_G279insCLS	30	0.038513	0.97742	1.0	349	14	-0.32804	0.18972	0.39838	0.977634	478	6	-0.32804
P142LfsTer28	13	0.040057	0.83107	1.0	350	5	-0.010361	0.38809	0.62403	1.0	582	5	-0.010361
K164SfsTer5	6	0.040813	0.57099	1.0	351	3	-0.61642	0.94893	0.97789	1.0	887	0	-0.61642
P87L	15	0.041058	0.84497	1.0	352	7	-0.39343	0.99976	0.99997	1.0	1059	0	-0.39343
I254L	30	0.041167	0.97742	1.0	353	13	-0.36404	0.40618	0.66164	1.0	591	4	-0.36404
L111M	21	0.042005	0.92322	1.0	354	12	-0.64755	0.7772	0.93013	1.0	748	6	-0.64755
E349Ter	30	0.042216	0.97742	1.0	355	7	0.20275	0.21402	0.42187	1.0	499	13	0.20275
I251F	21	0.042995	0.92322	1.0	356	10	-0.38399	0.24909	0.4997	1.0	519	3	-0.38399
D41H	30	0.04386	0.97742	1.0	357	16	-0.54077	0.99986	0.99996	1.0	1068	2	-0.54077
R158L	30	0.04394	0.97742	1.0	358	16	-0.58797	0.47604	0.73408	1.0	615	6	-0.58797
V272E	28	0.044191	0.96983	1.0	359	9	0.11	0.26735	0.53922	1.0	525	11	0.11
E343Ter	24	0.04469	0.95862	1.0	360	10	-0.28446	0.21861	0.44842	1.0	501	8	-0.28446
R273C	28	0.045318	0.96983	1.0	361	9	-0.063791	0.4071	0.63359	1.0	592	10	-0.063791
V272A	28	0.045402	0.96983	1.0	362	14	-0.25506	0.26781	0.53922	1.0	526	11	-0.25506
I162S	26	0.045695	0.95996	1.0	363	14	-0.64603	0.77849	0.92558	1.0	751	3	-0.64603
R273P	29	0.045891	0.97591	1.0	364	12	-0.28359	0.93824	0.98974	1.0	873	7	-0.28359
A138P	19	0.048198	0.91784	1.0	365	10	-0.51222	0.99986	0.99996	1.0	1067	0	-0.51222
Q167Ter	4	0.048426	0.40397	1.0	366	3	-1.1055	0.96201	0.97428	1.0	913	0	-1.1055
S362AfsTer8	3	0.049226	0.39104	1.0	367	3	-0.73351	0.95077	0.96325	1.0	893	0	-0.73351
L111KfsTer14	22	0.049253	0.93859	1.0	368	11	-0.52429	0.9992	0.99971	1.0	1039	2	-0.52429
A276S	27	0.049399	0.96852	1.0	369	12	-0.37442	0.862	0.97343	1.0	814	6	-0.37442
T231PfsTer16	29	0.050299	0.97592	1.0	370	15	-0.55814	0.82554	0.96176	1.0	787	4	-0.55814
S149Y	11	0.051136	0.78698	1.0	371	6	-0.79627	0.99527	0.99904	1.0	998	0	-0.79627
R337S	30	0.051276	0.98038	1.0	372	15	-0.49152	1.0	1.0	1.0	1148	0	-0.49152
K139Q	18	0.051332	0.90879	1.0	373	9	-0.50259	0.9526	0.98805	1.0	900	2	-0.50259
C135W	6	0.052003	0.57099	1.0	374	3	-0.26513	0.081266	0.099611	0.329441	401	2	-0.26513
I251L	21	0.052011	0.9366	1.0	375	11	-0.70174	0.58231	0.86094	1.0	664	6	-0.70174
C124AfsTer46	17	0.052321	0.88597	1.0	376	10	-0.65745	0.92428	0.97722	1.0	862	2	-0.65745
M160PfsTer9	3	0.052573	0.39105	1.0	377	2	-0.37424	0.31356	0.42362	1.0	545	1	-0.37424
I162I	23	0.053225	0.95073	1.0	378	11	-0.46374	0.96923	0.99386	1.0	923	4	-0.46374
S362G	4	0.054678	0.4418	1.0	379	3	-1.2039	0.82175	0.83878	1.0	785	1	-1.2039
T253N	30	0.054954	0.98039	1.0	380	14	-0.52317	0.99953	0.99996	1.0	1048	3	-0.52317
R156G	21	0.055119	0.9366	1.0	381	9	-0.33145	0.79483	0.94019	1.0	766	5	-0.33145
V272M	29	0.055699	0.97728	1.0	382	11	-0.093932	0.48254	0.73783	1.0	621	9	-0.093932
R158P	30	0.055743	0.98039	1.0	383	14	-0.5593	0.13896	0.2909	0.783989	446	9	-0.5593
L111VfsTer40	21	0.057722	0.9366	1.0	384	10	-0.51351	0.81763	0.9402	1.0	780	3	-0.51351
V272L	28	0.058431	0.9749	1.0	385	8	0.0022461	0.27378	0.53922	1.0	532	12	0.0022461
D42D	29	0.058822	0.97729	1.0	386	15	-0.50193	0.60287	0.81373	1.0	670	9	-0.50193
A159T	30	0.058898	0.98039	1.0	387	15	-0.51418	0.99803	0.99982	1.0	1021	3	-0.51418
P278S	27	0.060688	0.98104	1.0	388	14	-0.59312	0.99745	0.99954	1.0	1017	3	-0.59312
A347P	30	0.061903	0.98039	1.0	389	3	1.1451	1.176e-07	4.0346e-06	3.3e-05	113	22	1.1451
R280K	30	0.062642	0.98039	1.0	390	15	-0.51106	0.97574	0.99764	1.0	938	4	-0.51106
R342EfsTer3	21	0.064033	0.95418	1.0	391	9	-0.48057	0.51242	0.69663	1.0	637	3	-0.48057
E343SfsTer2	24	0.064239	0.9613	1.0	392	12	-0.43255	0.49231	0.69467	1.0	623	4	-0.43255
G105R	15	0.065303	0.89581	1.0	393	6	0.17553	0.063095	0.101	0.32959	387	7	0.17553
I254MfsTer10	30	0.065794	0.98153	1.0	394	15	-0.444	0.90305	0.9802	1.0	847	5	-0.444
L114IfsTer35	30	0.067491	0.98366	1.0	395	14	-0.53732	0.95258	0.99192	1.0	899	7	-0.53732
N235D	5	0.070105	0.56002	1.0	396	3	-1.3244	0.70889	0.7356	1.0	711	1	-1.3244
R335H	30	0.070713	0.98771	1.0	397	15	-0.43732	1.0	1.0	1.0	1126	1	-0.43732
C229S	25	0.07194	0.96929	1.0	398	13	-0.56799	0.94581	0.98817	1.0	883	4	-0.56799
P278LfsTer67	27	0.071961	0.98104	1.0	399	14	-0.57274	0.16623	0.35658	0.915334	463	3	-0.57274
E271VfsTer35	30	0.072098	0.98771	1.0	400	10	-0.055294	0.039872	0.097876	0.326343	368	11	-0.055294
V274L	29	0.072718	0.98437	1.0	401	13	-0.34627	0.40977	0.66883	1.0	593	10	-0.34627
G154RfsTer27	23	0.074839	0.96508	1.0	402	12	-0.50959	0.99583	0.99945	1.0	1004	2	-0.50959
Y163C	8	0.075929	0.72978	1.0	403	4	-0.29477	0.90885	0.90889	1.0	851	1	-0.29477
D148N	13	0.076488	0.8823	1.0	404	7	-0.79384	0.99996	1.0	1.0	1089	0	-0.79384
R156PfsTer25	25	0.076775	0.96929	1.0	405	13	-0.46546	0.958	0.99458	1.0	910	5	-0.46546
V274F	24	0.076783	0.97252	1.0	406	8	0.054385	0.51876	0.7382	1.0	638	8	0.054385
G105AfsTer18	15	0.079544	0.90608	1.0	407	3	0.65433	0.01575	0.038503	0.144093	329	9	0.65433
R337C	30	0.080326	0.98772	1.0	408	15	-0.49266	1.0	1.0	1.0	1141	0	-0.49266
E339DfsTer10	6	0.080994	0.60773	1.0	409	4	-0.9507	0.99504	0.9977	1.0	997	0	-0.9507
I254_I255insH	27	0.081568	0.98105	1.0	410	13	-0.32914	0.84512	0.97342	1.0	802	6	-0.32914
L252F	25	0.08172	0.97421	1.0	411	13	-0.34827	0.35667	0.63264	1.0	560	9	-0.34827
V73M	28	0.083482	0.98486	1.0	412	14	-0.59205	0.91675	0.98617	1.0	858	7	-0.59205
L130F	10	0.083944	0.81839	1.0	413	3	0.0021698	0.36545	0.54908	1.0	567	4	0.0021698
A355P	12	0.084263	0.85131	1.0	414	6	-0.45913	0.95681	0.98053	1.0	909	2	-0.45913
P152AfsTer14	14	0.084411	0.90894	1.0	415	7	-0.40652	0.99274	0.99457	1.0	983	1	-0.40652
P151A	13	0.08511	0.8823	1.0	416	7	-0.5453	0.79834	0.90949	1.0	770	2	-0.5453
E346E	29	0.086368	0.98821	1.0	417	2	0.7291	8.6241e-06	2.8242e-05	0.000201	171	22	0.7291
A161S	28	0.087947	0.98486	1.0	418	14	-0.51108	0.85382	0.96751	1.0	808	7	-0.51108
R283L	22	0.088655	0.97053	1.0	419	10	-0.46596	0.79068	0.94551	1.0	762	5	-0.46596
C275S	29	0.089263	0.98822	1.0	420	13	-0.16181	0.62155	0.81374	1.0	678	9	-0.16181
C141_P142insL	12	0.091026	0.85132	1.0	421	7	-0.60315	0.11476	0.2246	0.6469	427	2	-0.60315
F341Y	27	0.093225	0.98105	1.0	422	12	-0.42957	0.24407	0.43535	1.0	517	7	-0.42957
G112R	30	0.095012	0.9908	1.0	423	14	-0.35713	0.90393	0.9802	1.0	848	7	-0.35713
R283AfsTer23	27	0.095378	0.98326	1.0	424	13	-0.31405	0.41262	0.7185	1.0	594	4	-0.31405
A138A	19	0.097908	0.94362	1.0	425	10	-0.43408	0.99988	0.99996	1.0	1072	0	-0.43408
T284S	21	0.098418	0.96574	1.0	426	10	-0.44724	0.74572	0.90808	1.0	732	5	-0.44724
T256_L257insQ	24	0.098457	0.98265	1.0	427	12	-0.34153	0.57771	0.81546	1.0	661	3	-0.34153
V218PfsTer392	29	0.099251	0.98822	1.0	428	14	-0.35955	0.99446	0.99927	1.0	996	4	-0.35955
I254SfsTer91	30	0.099836	0.99081	1.0	429	14	-0.39527	0.53116	0.77243	1.0	644	5	-0.39527
A276V	26	0.10027	0.98292	1.0	430	11	-0.36824	0.9855	0.99729	1.0	960	4	-0.36824
F113QfsTer5	9	0.10075	0.78939	1.0	431	5	-0.71578	0.9904	0.99783	1.0	971	0	-0.71578
K164N	6	0.10076	0.64733	1.0	432	3	-0.332	0.58781	0.70402	1.0	666	2	-0.332
A74A	28	0.10341	0.9865	1.0	433	14	-0.4215	0.96256	0.9943	1.0	914	6	-0.4215
P85LfsTer38	18	0.10436	0.9471	1.0	434	9	-0.55983	0.99971	0.9999	1.0	1056	0	-0.55983
L252P	30	0.10521	0.99081	1.0	435	11	-0.060068	0.50143	0.77063	1.0	632	9	-0.060068
L111V	21	0.10901	0.96575	1.0	436	9	-0.47756	0.99254	0.99836	1.0	982	3	-0.47756
I255T	15	0.10932	0.92892	1.0	437	8	-0.6571	0.94528	0.9842	1.0	881	2	-0.6571
Q165K	6	0.10989	0.71652	1.0	438	4	-0.89544	0.52452	0.64362	1.0	642	2	-0.89544
Q136SfsTer35	6	0.11053	0.71652	1.0	439	3	0.29851	0.072835	0.099611	0.329441	396	3	0.29851
F113S	30	0.11136	0.99081	1.0	440	14	-0.43843	0.43231	0.71008	1.0	602	8	-0.43843
E271Q	29	0.112	0.98958	1.0	441	8	0.072715	0.084031	0.19305	0.568025	406	13	0.072715
K164E	8	0.11428	0.78627	1.0	442	4	-0.38244	0.97266	0.97429	1.0	929	0	-0.38244
R280I	30	0.11442	0.99198	1.0	443	14	-0.35437	0.71723	0.94167	1.0	716	5	-0.35437
P80LfsTer43	10	0.11574	0.83517	1.0	444	6	-0.22879	0.58443	0.76696	1.0	665	3	-0.22879
S90S	2	0.11679	0.42033	1.0	445	2	-1.0083	0.88321	0.89101	1.0	828	0	-1.0083
R158S	30	0.11723	0.99198	1.0	446	12	-0.27762	0.16452	0.39838	0.977634	462	9	-0.27762
G105C	15	0.11864	0.92892	1.0	447	5	0.04965	0.099613	0.20174	0.58938	418	7	0.04965
V73WfsTer50	26	0.12421	0.9861	1.0	448	11	-0.3716	0.75124	0.92558	1.0	734	4	-0.3716
R283H	22	0.12605	0.97799	1.0	449	11	-0.38042	0.50619	0.73736	1.0	634	7	-0.38042
Q354Q	18	0.12623	0.96819	1.0	450	9	-0.39728	0.9506	0.98805	1.0	891	3	-0.39728
G154G	24	0.12682	0.98463	1.0	451	12	-0.38478	0.78407	0.9443	1.0	756	6	-0.38478
F113L	30	0.12859	0.99198	1.0	452	14	-0.29275	0.65223	0.84344	1.0	689	10	-0.29275
P219AfsTer3	30	0.13031	0.99198	1.0	453	12	-0.3425	0.94674	0.99192	1.0	885	5	-0.3425
V143CfsTer27	13	0.13065	0.89691	1.0	454	3	0.68916	0.098759	0.18951	0.561148	416	7	0.68916
R156S	25	0.13072	0.98646	1.0	455	11	-0.4399	0.75375	0.91658	1.0	737	7	-0.4399
E271VfsTer75	28	0.13074	0.99133	1.0	456	8	0.5354	0.029848	0.088185	0.296446	356	15	0.5354
V157F	30	0.13107	0.99198	1.0	457	14	-0.42017	0.8571	0.96957	1.0	810	5	-0.42017
D281N	27	0.13467	0.98945	1.0	458	12	-0.40562	0.23964	0.43534	1.0	514	8	-0.40562
Q354Ter	18	0.13869	0.96819	1.0	459	9	-0.42139	0.99952	0.99971	1.0	1047	1	-0.42139
D42H	30	0.13991	0.99311	1.0	460	14	-0.37807	0.70906	0.94122	1.0	712	6	-0.37807
Y163Ter	8	0.14074	0.78628	1.0	461	4	-0.42723	0.87741	0.90889	1.0	825	1	-0.42723
L114L	30	0.14288	0.9945	1.0	462	14	-0.36271	0.97548	0.99764	1.0	937	6	-0.36271
P71L	22	0.14353	0.978	1.0	463	9	-0.32324	0.71139	0.90392	1.0	713	7	-0.32324
R335C	30	0.1436	0.9945	1.0	464	12	-0.34882	0.99628	0.9996	1.0	1007	4	-0.34882
S241A	18	0.14441	0.96819	1.0	465	6	1.0932	0.00040089	0.0010127	0.005379	232	10	1.0932
S90PfsTer33	3	0.14448	0.52517	1.0	466	1	-0.1619	0.7941	0.87512	1.0	765	0	-0.1619
P71S	20	0.1447	0.97641	1.0	467	8	0.16077	0.16398	0.31772	0.832984	461	8	0.16077
W91Ter	3	0.14719	0.52517	1.0	468	2	-0.93285	0.80723	0.87512	1.0	774	0	-0.93285
Y220S	29	0.14841	0.99345	1.0	469	13	-0.1034	0.97472	0.99683	1.0	935	5	-0.1034
I254HfsTer10	30	0.1493	0.9945	1.0	470	13	-0.39763	0.99602	0.99956	1.0	1005	3	-0.39763
E336Ter	30	0.14963	0.99451	1.0	471	13	-0.37399	0.99997	1.0	1.0	1093	2	-0.37399
G112WfsTer12	18	0.15032	0.96819	1.0	472	7	0.18525	0.47605	0.69207	1.0	616	7	0.18525
C277G	28	0.15034	0.99134	1.0	473	13	-0.5721	0.97796	0.99686	1.0	941	5	-0.5721
N235YfsTer392	6	0.15151	0.77881	1.0	474	2	0.77078	0.11162	0.18308	0.546566	424	3	0.77078
N131T	5	0.15158	0.73741	1.0	475	2	-0.18893	0.4643	0.57257	1.0	613	1	-0.18893
P190T	30	0.1526	0.99451	1.0	476	14	-0.39833	0.15276	0.29519	0.783989	459	8	-0.39833
Y126C	30	0.15459	0.99451	1.0	477	13	-0.30491	0.8482	0.96956	1.0	804	7	-0.30491
K164R	6	0.15699	0.77881	1.0	478	2	-0.27477	0.6873	0.81464	1.0	706	1	-0.27477
G105S	15	0.15711	0.92893	1.0	479	3	0.49815	0.048054	0.10099	0.32959	376	8	0.49815
E339AfsTer8	24	0.1584	0.98733	1.0	480	11	-0.27235	0.98503	0.99854	1.0	958	3	-0.27235
R282_R283insP	24	0.15866	0.98733	1.0	481	10	-0.38403	0.44519	0.69089	1.0	606	6	-0.38403
P142L	18	0.15966	0.96819	1.0	482	9	-0.42382	0.34291	0.51806	1.0	554	3	-0.42382
D281Y	27	0.16189	0.99343	1.0	483	12	-0.4322	0.34683	0.58971	1.0	558	3	-0.4322
G105D	15	0.16222	0.92893	1.0	484	5	0.12432	0.068753	0.13168	0.420753	394	6	0.12432
Q136P	18	0.16299	0.96819	1.0	485	9	-0.38242	0.66729	0.86363	1.0	697	2	-0.38242
H296D	28	0.1632	0.99484	1.0	486	10	0.2349	0.050506	0.13468	0.429227	377	12	0.2349
T230P	27	0.16504	0.99423	1.0	487	11	-0.44012	0.95217	0.99306	1.0	896	4	-0.44012
Q354L	18	0.16702	0.96819	1.0	488	9	-0.408	0.92511	0.97952	1.0	863	4	-0.408
S241Y	21	0.17029	0.98606	1.0	489	8	0.40437	4.3947e-05	0.00014121	0.000884	193	10	0.40437
N235S	6	0.17449	0.77881	1.0	490	3	-0.28311	0.6584	0.81464	1.0	692	2	-0.28311
G154A	22	0.17758	0.98628	1.0	491	7	-0.087695	0.99807	0.99904	1.0	1022	2	-0.087695
D148E	14	0.17882	0.9473	1.0	492	7	-0.55267	0.94817	0.97935	1.0	886	1	-0.55267
T284P	21	0.17998	0.98606	1.0	493	7	-0.1312	0.36764	0.54967	1.0	568	7	-0.1312
G105V	15	0.18007	0.93953	1.0	494	4	-0.00965	0.051088	0.10099	0.32959	379	7	-0.00965
R156C	25	0.18206	0.99015	1.0	495	11	-0.31584	0.93227	0.98751	1.0	869	5	-0.31584
R337L	30	0.18248	0.99583	1.0	496	12	-0.38629	0.99967	0.99996	1.0	1054	3	-0.38629
H214R	14	0.18763	0.95419	1.0	497	7	-0.38808	0.2134	0.35294	0.913257	498	4	-0.38808
L111P	21	0.18829	0.98606	1.0	498	10	-0.36827	0.7462	0.90808	1.0	733	6	-0.36827
A70V	23	0.18893	0.98821	1.0	499	9	0.11781	0.33898	0.56799	1.0	553	8	0.11781
G244A	30	0.19196	0.99583	1.0	500	13	-0.23905	1.0	1.0	1.0	1118	1	-0.23905
T231P	28	0.19281	0.99538	1.0	501	12	-0.33646	0.95494	0.99405	1.0	907	6	-0.33646
T256_L257insE	24	0.19367	0.98991	1.0	502	11	-0.39921	0.98674	0.99854	1.0	961	4	-0.39921
R110H	19	0.19689	0.9754	1.0	503	7	-0.035779	0.83079	0.96189	1.0	791	4	-0.035779
L344RfsTer8	3	0.19742	0.61433	1.0	504	2	-0.89671	0.93465	0.95118	1.0	870	0	-0.89671
F113V	30	0.20252	0.99746	1.0	505	12	-0.28875	0.99138	0.99924	1.0	976	5	-0.28875
C135Ter	6	0.20322	0.80545	1.0	506	3	-0.3989	0.059342	0.099603	0.329441	382	2	-0.3989
S241T	18	0.20514	0.9682	1.0	507	6	1.368	1.3696e-06	4.0346e-06	3.3e-05	143	12	1.368
V157A	29	0.20651	0.99653	1.0	508	13	-0.52676	0.88198	0.97454	1.0	827	5	-0.52676
L43Ter	60	0.20875	0.99997	1.0	509	25	-0.30877	0.83742	0.98048	1.0	795	17	-0.30877
L114SfsTer10	3	0.20878	0.61433	1.0	510	1	-0.38958	0.62092	0.58394	1.0	677	1	-0.38958
Q354R	18	0.21457	0.9682	1.0	511	8	-0.27105	0.94007	0.98382	1.0	875	3	-0.27105
Q165H	6	0.21471	0.80545	1.0	512	2	0.037404	0.66109	0.81464	1.0	693	2	0.037404
L137Q	20	0.21788	0.98143	1.0	513	9	-0.3099	0.13997	0.25614	0.722488	447	3	-0.3099
Q165Ter	6	0.22012	0.80545	1.0	514	3	-0.3723	0.63809	0.76012	1.0	685	2	-0.3723
V157G	24	0.22113	0.99259	1.0	515	10	-0.39603	0.89467	0.97801	1.0	839	4	-0.39603
K164Q	8	0.2236	0.88252	1.0	516	4	-0.17672	0.97353	0.98344	1.0	930	0	-0.17672
Q144P	8	0.23067	0.89808	1.0	517	4	-0.33355	0.77628	0.85457	1.0	747	1	-0.33355
A138V	19	0.23115	0.9754	1.0	518	8	-0.34552	0.99833	0.99931	1.0	1024	1	-0.34552
C242C	21	0.23401	0.98607	1.0	519	8	-0.181	0.037774	0.087588	0.295248	366	8	-0.181
L252IfsTer390	17	0.23419	0.97474	1.0	520	8	-0.2648	0.40536	0.56989	1.0	590	4	-0.2648
L111FfsTer14	18	0.23513	0.97345	1.0	521	6	0.033903	0.62435	0.85259	1.0	681	5	0.033903
V10V	27	0.23613	0.99553	1.0	522	12	-0.1056	0.98224	0.99803	1.0	952	5	-0.1056
A138T	19	0.23762	0.9754	1.0	523	8	-0.45296	0.99992	1.0	1.0	1077	0	-0.45296
Q167HfsTer3	2	0.23907	0.55256	1.0	524	1	-0.5785	0.65713	0.75325	1.0	691	0	-0.5785
V157AfsTer391	30	0.24257	0.99747	1.0	525	11	-0.23127	0.9853	0.99794	1.0	959	4	-0.23127
P89L	3	0.24265	0.61434	1.0	526	2	-0.68355	0.89954	0.93632	1.0	845	0	-0.68355
T125DfsTer24	28	0.24453	0.99643	1.0	527	12	-0.27527	0.98947	0.99848	1.0	967	4	-0.27527
I255TfsTer392	12	0.2451	0.94836	1.0	528	4	-0.0084507	0.99396	0.99624	1.0	989	1	-0.0084507
P142LfsTer7	13	0.24731	0.95506	1.0	529	6	-0.037172	0.27068	0.44733	1.0	531	3	-0.037172
T256P	18	0.25303	0.98108	1.0	530	8	-0.41621	0.79179	0.94911	1.0	764	5	-0.41621
R333P	30	0.2552	0.99798	1.0	531	13	-0.33083	0.99747	0.99981	1.0	1018	3	-0.33083
G226D	21	0.25524	0.98607	1.0	532	9	-0.36911	0.72773	0.89872	1.0	725	5	-0.36911
V143AfsTer5	18	0.25814	0.98108	1.0	533	6	-0.14543	0.22502	0.46235	1.0	505	7	-0.14543
P191S	30	0.25957	0.99798	1.0	534	13	-0.2513	0.73121	0.94554	1.0	726	5	-0.2513
V157I	30	0.26163	0.99798	1.0	535	13	-0.40921	0.79788	0.95348	1.0	769	7	-0.40921
S166Ter	4	0.26186	0.7226	1.0	536	2	-0.4156	0.89171	0.93783	1.0	835	0	-0.4156
L130L	10	0.26518	0.92081	1.0	537	4	-0.046268	0.95269	0.96284	1.0	901	1	-0.046268
G226G	21	0.26926	0.9883	1.0	538	9	-0.46348	0.58931	0.86094	1.0	668	7	-0.46348
R282_R283insERK	21	0.27182	0.9883	1.0	539	9	-0.17915	0.88652	0.97843	1.0	830	5	-0.17915
Q144L	8	0.27296	0.89808	1.0	540	4	-0.3647	0.68636	0.81778	1.0	705	1	-0.3647
H168P	2	0.27425	0.55256	1.0	541	1	-0.74293	0.73312	0.75326	1.0	729	0	-0.74293
H214D	11	0.27466	0.93164	1.0	542	5	-0.013899	0.14623	0.26522	0.742992	457	4	-0.013899
Q136E	5	0.27775	0.77056	1.0	543	2	0.2162	0.76144	0.7356	1.0	740	1	0.2162
G105A	15	0.28637	0.98008	1.0	544	4	0.64257	0.018537	0.049848	0.180957	334	8	0.64257
G154_T155insSP	2	0.28856	0.55256	1.0	545	1	-0.89256	0.78095	0.84233	1.0	754	0	-0.89256
P152Q	15	0.29032	0.98008	1.0	546	7	-0.30751	0.91128	0.96356	1.0	854	3	-0.30751
N239S	12	0.29061	0.94837	1.0	547	1	1.456	0.00015113	0.00039136	0.002203	214	8	1.456
R156P	22	0.29079	0.99158	1.0	548	9	-0.1155	0.91163	0.98393	1.0	856	5	-0.1155
R158C	30	0.29147	0.99799	1.0	549	12	-0.35054	0.45867	0.71008	1.0	611	9	-0.35054
S166S	4	0.29484	0.72261	1.0	550	2	-0.18285	0.42896	0.56749	1.0	601	1	-0.18285
C242R	21	0.29745	0.9904	1.0	551	7	1.1521	3.1073e-06	4.0346e-06	3.3e-05	157	11	1.1521
S33F	30	0.29868	0.99799	1.0	552	10	-0.25119	0.027659	0.075403	0.256288	354	11	-0.25119
P142P	18	0.29961	0.98861	1.0	553	8	-0.194	0.99055	0.99515	1.0	972	2	-0.194
H214Q	16	0.30269	0.98529	1.0	554	7	-0.38236	0.21016	0.33916	0.883553	496	4	-0.38236
P219R	28	0.30356	0.9974	1.0	555	11	-0.42817	0.93896	0.98901	1.0	874	6	-0.42817
I254T	30	0.30455	0.99799	1.0	556	12	-0.41849	0.37923	0.64603	1.0	577	5	-0.41849
R333C	30	0.30861	0.99799	1.0	557	12	-0.27603	0.99694	0.99981	1.0	1013	4	-0.27603
T155I	23	0.31282	0.99394	1.0	558	10	-0.51132	0.87675	0.97045	1.0	824	1	-0.51132
R110LfsTer13	18	0.31431	0.98862	1.0	559	7	0.020527	0.80842	0.95095	1.0	776	4	0.020527
T125K	29	0.31879	0.99795	1.0	560	11	-0.087967	0.73491	0.93415	1.0	731	9	-0.087967
A161D	26	0.31964	0.99749	1.0	561	11	-0.5158	0.82288	0.9647	1.0	786	4	-0.5158
Q38_A38del	30	0.32399	0.99841	1.0	562	8	-0.27264	0.13758	0.2909	0.783989	444	9	-0.27264
I255S	14	0.32452	0.97219	1.0	563	6	-0.47098	0.99675	0.99827	1.0	1009	1	-0.47098
R110_L111insP	18	0.33047	0.99076	1.0	564	6	0.12124	0.79946	0.95095	1.0	771	5	0.12124
H214QfsTer7	16	0.33598	0.98529	1.0	565	7	0.10064	0.38268	0.545	1.0	580	6	0.10064
Q167AfsTer13	4	0.33775	0.76174	1.0	566	1	0.18897	0.37705	0.41292	0.993448	576	2	0.18897
S215C	19	0.33997	0.99153	1.0	567	7	0.066175	0.22908	0.40396	0.982894	507	6	0.066175
Y236S	6	0.34195	0.85836	1.0	568	2	0.39676	0.55901	0.66749	1.0	658	2	0.39676
R282P	24	0.34549	0.9957	1.0	569	8	-0.13192	0.89894	0.97801	1.0	843	5	-0.13192
Y236C	6	0.3457	0.85836	1.0	570	2	-0.12831	0.22984	0.38036	0.964252	509	2	-0.12831
V143G	16	0.34682	0.98529	1.0	571	7	-0.32224	0.30473	0.5065	1.0	541	1	-0.32224
Y163H	23	0.34738	0.99503	1.0	572	9	-0.28696	0.98353	0.99789	1.0	955	4	-0.28696
H168L	2	0.35293	0.55256	1.0	573	1	-0.35834	0.62248	0.71843	1.0	679	0	-0.35834
P8L	27	0.35458	0.99828	1.0	574	11	-0.49583	0.94495	0.99276	1.0	880	5	-0.49583
E339Ter	30	0.35506	0.99886	1.0	575	12	-0.014053	0.49929	0.77063	1.0	627	11	-0.014053
P219H	28	0.36193	0.99847	1.0	576	11	-0.23633	0.93203	0.9875	1.0	868	2	-0.23633
S227F	22	0.36415	0.99509	1.0	577	8	0.024579	0.53691	0.73777	1.0	645	8	0.024579
N131Y	10	0.36425	0.94711	1.0	578	2	0.11902	0.4378	0.67568	1.0	604	4	0.11902
N263D	15	0.36592	0.98009	1.0	579	6	-0.10262	0.99877	0.99886	1.0	1032	0	-0.10262
P36SfsTer7	30	0.36882	0.99887	1.0	580	11	0.31063	0.24112	0.44033	1.0	515	13	0.31063
S240C	18	0.36906	0.99203	1.0	581	3	1.2307	1.7378e-07	4.0346e-06	3.3e-05	115	12	1.2307
V73L	22	0.37195	0.99509	1.0	582	9	0.005204	0.85454	0.9633	1.0	809	6	0.005204
P142CfsTer6	17	0.37253	0.989	1.0	583	7	-0.15856	0.50928	0.76464	1.0	635	5	-0.15856
Q136H	18	0.37372	0.99203	1.0	584	7	-0.30428	0.78533	0.92584	1.0	757	2	-0.30428
A159P	30	0.37583	0.99887	1.0	585	8	0.29743	0.2026	0.39838	0.977634	488	13	0.29743
P223T	30	0.37747	0.99929	1.0	586	12	-0.296	0.66588	0.84344	1.0	696	5	-0.296
Q136Ter	5	0.37802	0.80382	1.0	587	2	0.40838	0.37649	0.45286	1.0	575	2	0.40838
Y234Y	3	0.37872	0.70344	1.0	588	1	0.10154	0.38643	0.46379	1.0	581	1	0.10154
N239K	15	0.37916	0.98009	1.0	589	4	1.2078	0.00033971	0.0012306	0.006453	227	11	1.2078
E339K	30	0.37959	0.99929	1.0	590	10	-0.11575	0.20473	0.40415	0.982894	490	6	-0.11575
N235K	6	0.38103	0.85836	1.0	591	2	0.33499	0.59827	0.70402	1.0	669	2	0.33499
A189D	30	0.38261	0.99929	1.0	592	12	-0.29527	0.49975	0.77063	1.0	630	6	-0.29527
S227Ter	22	0.38669	0.9951	1.0	593	8	-0.13314	0.5464	0.74214	1.0	651	8	-0.13314
P153L	23	0.38968	0.99668	1.0	594	9	-0.27838	0.95061	0.99014	1.0	892	4	-0.27838
L114CfsTer9	30	0.40087	0.99929	1.0	595	8	0.15805	0.37629	0.62792	1.0	573	11	0.15805
P153H	23	0.40092	0.9974	1.0	596	9	-0.24111	0.89889	0.97781	1.0	842	4	-0.24111
N131S	5	0.40654	0.8369	1.0	597	1	-0.43197	0.95343	0.96907	1.0	905	0	-0.43197
R342P	27	0.41429	0.99897	1.0	598	10	-0.21187	0.11621	0.26979	0.750668	429	6	-0.21187
P152T	13	0.41565	0.98209	1.0	599	5	-0.29542	0.87477	0.95745	1.0	818	2	-0.29542
H168R	2	0.41687	0.55256	1.0	600	1	0.015391	0.4685	0.42997	1.0	614	1	0.015391
C242G	21	0.42015	0.99707	1.0	601	6	0.36794	0.0064955	0.018394	0.075483	298	10	0.36794
P152HfsTer20	12	0.42248	0.9732	1.0	602	5	-0.38815	0.89094	0.95595	1.0	834	2	-0.38815
Y234Ter	3	0.42276	0.70344	1.0	603	1	0.14218	0.71666	0.74369	1.0	715	1	0.14218
V157L	30	0.4235	0.9993	1.0	604	10	-0.11768	0.62634	0.8384	1.0	682	8	-0.11768
L111Q	21	0.42651	0.99707	1.0	605	8	-0.37186	0.81848	0.9402	1.0	782	6	-0.37186
I254TfsTer91	18	0.42957	0.99204	1.0	606	6	-0.19239	0.16879	0.33494	0.874394	465	4	-0.19239
A159PfsTer12	30	0.43033	0.9993	1.0	607	11	-0.26463	0.75827	0.94554	1.0	738	6	-0.26463
V217G	29	0.43346	0.99908	1.0	608	10	-0.01375	0.83924	0.96177	1.0	796	7	-0.01375
C141F	16	0.43476	0.9884	1.0	609	6	-0.033795	0.14176	0.30652	0.808365	452	3	-0.033795
L130R	10	0.43549	0.95616	1.0	610	4	0.23649	0.20847	0.35961	0.921174	495	5	0.23649
V218M	30	0.43583	0.9993	1.0	611	11	-0.29312	0.91011	0.98021	1.0	852	4	-0.29312
T155SfsTer28	17	0.43741	0.9913	1.0	612	7	-0.16001	0.95162	0.98472	1.0	894	3	-0.16001
W146G	15	0.44204	0.987	1.0	613	5	-0.41436	0.93725	0.98419	1.0	871	3	-0.41436
M237V	9	0.44429	0.93869	1.0	614	3	0.25706	0.023841	0.040528	0.151148	351	4	0.25706
M160SfsTer12	28	0.44456	0.99897	1.0	615	7	0.57787	0.012999	0.036679	0.139365	321	15	0.57787
R342QfsTer3	3	0.45008	0.70344	1.0	616	1	-0.16273	0.72703	0.7437	1.0	724	1	-0.16273
I254F	30	0.45134	0.99946	1.0	617	10	-0.22809	0.72453	0.94168	1.0	721	6	-0.22809
Q167H	2	0.4558	0.55256	1.0	618	1	-0.29093	0.66868	0.75325	1.0	699	0	-0.29093
V122DfsTer26	19	0.45756	0.99405	1.0	619	3	0.52749	0.063058	0.14922	0.458882	386	10	0.52749
Y236N	6	0.45882	0.88496	1.0	620	2	0.70718	0.21875	0.36126	0.923463	502	3	0.70718
P152_P152del	15	0.46393	0.987	1.0	621	5	0.026835	0.38162	0.61835	1.0	579	2	0.026835
S90F	3	0.46654	0.70344	1.0	622	1	0.19226	0.81472	0.87512	1.0	779	0	0.19226
V143A	16	0.47403	0.99055	1.0	623	6	-0.16841	0.28841	0.5065	1.0	536	4	-0.16841
A74GfsTer50	25	0.47486	0.99864	1.0	624	9	0.17466	0.57127	0.789	1.0	659	9	0.17466
M160IfsTer391	21	0.47654	0.99707	1.0	625	5	0.13654	0.17706	0.36469	0.930312	470	8	0.13654
L252IfsTer391	1	0.47723	0.40096	1.0	626	0	-0.13356	0.52277	0.59904	1.0	640	0	-0.13356
T125A	28	0.47829	0.99923	1.0	627	10	-0.19941	0.84629	0.96339	1.0	803	5	-0.19941
K164SfsTer6	6	0.4783	0.88497	1.0	628	2	0.28564	0.9085	0.89593	1.0	850	1	0.28564
P92S	2	0.48105	0.55256	1.0	629	1	-0.31614	0.66408	0.75325	1.0	694	0	-0.31614
I255N	15	0.48858	0.991	1.0	630	4	-0.17915	0.94287	0.98419	1.0	879	3	-0.17915
P151T	13	0.49103	0.9821	1.0	631	5	-0.46472	0.99198	0.99172	1.0	979	1	-0.46472
F134S	14	0.49783	0.98724	1.0	632	4	1.7729	3.5421e-07	4.0346e-06	3.3e-05	124	9	1.7729
S6S	27	0.50021	0.99931	1.0	633	10	-0.29117	0.76298	0.9413	1.0	742	4	-0.29117
L111KfsTer39	28	0.50044	0.99924	1.0	634	9	0.17235	0.42364	0.66429	1.0	600	9	0.17235
D228VfsTer12	22	0.50187	0.99781	1.0	635	8	-0.18413	0.80695	0.94552	1.0	773	6	-0.18413
Y220MfsTer27	29	0.50339	0.99938	1.0	636	10	-0.2107	0.9688	0.99606	1.0	921	6	-0.2107
R283P	22	0.5121	0.99832	1.0	637	7	-0.29473	0.49732	0.73735	1.0	625	4	-0.29473
D41N	30	0.51722	0.99966	1.0	638	11	-0.33105	0.95022	0.99192	1.0	890	7	-0.33105
Q136PfsTer13	6	0.51892	0.91187	1.0	639	2	0.54335	0.11665	0.18308	0.546566	431	3	0.54335
L111SfsTer38	19	0.52094	0.99515	1.0	640	5	-0.0096715	0.5512	0.79714	1.0	653	7	-0.0096715
K382K	3	0.52186	0.70344	1.0	641	1	-0.45184	0.89287	0.93632	1.0	836	0	-0.45184
I254M	30	0.52491	0.99966	1.0	642	11	-0.055758	0.89409	0.97977	1.0	838	6	-0.055758
Q104Ter	12	0.52819	0.97807	1.0	643	2	0.595	0.0050768	0.011559	0.049077	291	6	0.595
L114FfsTer35	29	0.52861	0.99939	1.0	644	10	-0.29104	0.68422	0.92995	1.0	703	7	-0.29104
F338F	27	0.52962	0.99932	1.0	645	7	-0.10459	0.98198	0.99803	1.0	950	5	-0.10459
I254S	30	0.5334	0.99967	1.0	646	11	-0.34746	0.54103	0.77255	1.0	649	6	-0.34746
T140I	17	0.53772	0.99538	1.0	647	6	-0.10063	0.82636	0.93455	1.0	789	3	-0.10063
F341S	27	0.53996	0.99956	1.0	648	10	-0.15398	0.35914	0.58972	1.0	561	8	-0.15398
L344P	12	0.54419	0.97807	1.0	649	3	0.38771	0.16807	0.25882	0.72837	464	6	0.38771
L130SfsTer40	9	0.54682	0.95048	1.0	650	2	-0.17786	0.64518	0.79763	1.0	686	2	-0.17786
S215G	19	0.54909	0.99515	1.0	651	7	-0.070735	0.10348	0.20692	0.601649	421	4	-0.070735
P34L	30	0.5512	0.99967	1.0	652	8	0.0064814	0.010657	0.030466	0.117922	311	11	0.0064814
K164Ter	8	0.55407	0.92924	1.0	653	3	-0.39948	0.84859	0.90889	1.0	805	1	-0.39948
L188Q	30	0.56058	0.99967	1.0	654	10	-0.2167	0.97941	0.99764	1.0	942	6	-0.2167
N239D	12	0.56086	0.98258	1.0	655	2	1.3542	0.0010039	0.0029897	0.014499	252	9	1.3542
V218L	30	0.56763	0.99973	1.0	656	11	-0.25346	0.95279	0.99192	1.0	902	4	-0.25346
R283G	22	0.57274	0.99832	1.0	657	8	-0.11663	0.78075	0.91815	1.0	753	5	-0.11663
S127Y	30	0.57329	0.99973	1.0	658	8	-0.012026	0.76897	0.94554	1.0	745	9	-0.012026
T125HfsTer24	30	0.57728	0.99973	1.0	659	8	-0.011203	0.99405	0.99951	1.0	991	5	-0.011203
L130P	10	0.58497	0.96506	1.0	660	1	0.5528	0.063805	0.1236	0.398054	388	6	0.5528
H214IfsTer33	8	0.5854	0.96016	1.0	661	3	-0.37614	0.82868	0.90889	1.0	790	1	-0.37614
C229Y	25	0.58555	0.99939	1.0	662	8	-0.2188	0.81964	0.9557	1.0	783	7	-0.2188
L35CfsTer9	30	0.58736	0.99974	1.0	663	10	-0.068066	0.10062	0.28126	0.779016	420	9	-0.068066
R213HfsTer35	6	0.58984	0.91187	1.0	664	2	1.222	0.02253	0.046136	0.169488	348	4	1.222
Y236D	6	0.5926	0.91187	1.0	665	2	0.46393	0.23509	0.41079	0.993448	512	3	0.46393
H115SfsTer34	28	0.59824	0.99973	1.0	666	10	-0.26401	0.87651	0.97779	1.0	822	7	-0.26401
L344R	12	0.60302	0.98258	1.0	667	3	0.31903	0.051801	0.077606	0.263046	380	6	0.31903
P152L	14	0.60372	0.98957	1.0	668	5	-0.42042	0.37247	0.60094	1.0	570	2	-0.42042
P152HfsTer30	11	0.60374	0.97604	1.0	669	4	-0.15205	0.94038	0.971	1.0	877	2	-0.15205
E17Ter	10	0.61494	0.96506	1.0	670	3	1.1343	0.03076	0.053237	0.188275	359	6	1.1343
N268RfsTer4	30	0.61932	0.9999	1.0	671	4	0.41872	0.012855	0.038519	0.144093	320	17	0.41872
L344Q	12	0.62544	0.98258	1.0	672	4	0.7297	0.019504	0.053398	0.188275	335	6	0.7297
S240G	18	0.62874	0.99741	1.0	673	6	0.68167	7.9332e-07	4.0346e-06	3.3e-05	133	10	0.68167
D228VfsTer20	23	0.62914	0.999	1.0	674	7	0.38773	0.081897	0.18068	0.543936	402	11	0.38773
K101Ter	28	0.63326	0.99978	1.0	675	1	0.8867	0.0024394	0.0072906	0.032756	271	17	0.8867
A74RfsTer51	20	0.63455	0.9985	1.0	676	6	-0.028426	0.37191	0.62241	1.0	569	8	-0.028426
P191H	29	0.63725	0.99983	1.0	677	10	-0.024534	0.75877	0.93701	1.0	739	9	-0.024534
T155N	24	0.63892	0.99924	1.0	678	8	-0.0595	0.88021	0.978	1.0	826	6	-0.0595
Y220C	28	0.63959	0.99978	1.0	679	9	-0.03639	0.90101	0.97864	1.0	846	7	-0.03639
T102T	12	0.6425	0.98259	1.0	680	3	0.71481	3.1252e-07	1.2104e-05	9.3e-05	121	6	0.71481
C238G	9	0.64566	0.97395	1.0	681	3	-0.19859	0.12401	0.17516	0.530681	438	4	-0.19859
L130V	9	0.64757	0.97395	1.0	682	3	-0.11888	0.60641	0.73	1.0	672	3	-0.11888
M40I	30	0.64947	0.99992	1.0	683	8	-0.13753	0.99946	0.99996	1.0	1044	2	-0.13753
Y126D	30	0.65253	0.99992	1.0	684	9	0.1606	0.41662	0.71008	1.0	597	11	0.1606
T118QfsTer5	29	0.65401	0.99983	1.0	685	8	0.029255	0.47929	0.73783	1.0	618	9	0.029255
T118T	29	0.65456	0.99983	1.0	686	10	-0.056726	0.89675	0.98332	1.0	841	6	-0.056726
R110P	19	0.65554	0.99806	1.0	687	5	-0.12815	0.49175	0.7367	1.0	622	7	-0.12815
E224D	30	0.65707	0.99992	1.0	688	8	0.0042389	0.98174	0.99765	1.0	948	6	0.0042389
L137V	18	0.6579	0.99741	1.0	689	6	-0.31961	0.99977	0.99991	1.0	1062	0	-0.31961
R342Ter	27	0.65953	0.99973	1.0	690	7	-0.055001	0.12644	0.2698	0.750668	439	8	-0.055001
M160IfsTer20	2	0.65953	0.59571	1.0	691	0	-0.21158	0.76838	0.84233	1.0	744	0	-0.21158
S46S	30	0.66092	0.99992	1.0	692	6	0.26124	0.13792	0.2909	0.783989	445	12	0.26124
R213G	11	0.66667	0.97604	1.0	693	2	1.8125	0.00041196	0.00097235	0.00521	233	6	1.8125
L114Ter	30	0.66793	0.99992	1.0	694	10	-0.099536	0.7857	0.94797	1.0	758	9	-0.099536
D228AfsTer20	23	0.67123	0.99926	1.0	695	5	0.10844	0.24493	0.46922	1.0	518	9	0.10844
D228N	23	0.67129	0.99926	1.0	696	6	0.097153	0.36397	0.6188	1.0	566	9	0.097153
D48Ter	30	0.67292	0.99992	1.0	697	10	0.33606	0.14144	0.29318	0.783989	451	14	0.33606
Q38Ter	30	0.67646	0.99992	1.0	698	8	-0.11733	0.41469	0.71008	1.0	596	7	-0.11733
S116F	30	0.6774	0.99992	1.0	699	2	0.31741	0.5008	0.77063	1.0	631	11	0.31741
Y236Ter	9	0.681	0.97395	1.0	700	3	0.98512	0.021995	0.031708	0.122346	347	6	0.98512
P190L	30	0.68246	0.99992	1.0	701	10	-0.18721	0.41339	0.71008	1.0	595	9	-0.18721
T102A	12	0.68255	0.98259	1.0	702	3	0.3371	0.021149	0.053398	0.188275	342	5	0.3371
C238W	12	0.68516	0.98259	1.0	703	3	0.91466	0.02137	0.053398	0.188275	344	7	0.91466
Y236H	6	0.68709	0.91187	1.0	704	2	0.14078	0.28887	0.41079	0.993448	537	2	0.14078
E11K	27	0.68757	0.99974	1.0	705	9	-0.019537	0.99571	0.99947	1.0	1003	4	-0.019537
D42Y	30	0.69051	0.99992	1.0	706	7	0.10202	0.57272	0.82432	1.0	660	9	0.10202
S15I	10	0.69134	0.98268	1.0	707	3	0.64345	0.13366	0.20915	0.606687	440	5	0.64345
S215R	28	0.69147	0.99979	1.0	708	9	-0.1024	0.8426	0.96163	1.0	800	8	-0.1024
Y220Ter	30	0.69506	0.99992	1.0	709	10	-0.098782	0.9968	0.99981	1.0	1012	4	-0.098782
Y220EfsTer389	24	0.69703	0.99937	1.0	710	8	-0.18823	0.98259	0.99854	1.0	954	4	-0.18823
P190R	30	0.6991	0.99992	1.0	711	10	-0.18708	0.39755	0.64884	1.0	586	8	-0.18708
E285Q	24	0.69957	0.99937	1.0	712	6	0.30327	0.31917	0.57556	1.0	548	10	0.30327
Y220N	28	0.69964	0.99979	1.0	713	9	-0.27698	0.97056	0.99554	1.0	926	5	-0.27698
V218CfsTer29	30	0.70054	0.99992	1.0	714	10	-0.06756	0.96971	0.99699	1.0	924	6	-0.06756
C135G	14	0.70805	0.99197	1.0	715	2	1.6256	8.057e-06	1.2104e-05	9.3e-05	169	11	1.6256
S241P	18	0.71952	0.99808	1.0	716	5	0.85702	3.6509e-06	1.2104e-05	9.3e-05	161	10	0.85702
I255TfsTer90	3	0.72176	0.70345	1.0	717	1	-0.40346	0.82614	0.87512	1.0	788	0	-0.40346
V217A	29	0.72555	0.99983	1.0	718	7	-0.037251	0.88327	0.97454	1.0	829	7	-0.037251
H214L	13	0.7273	0.98845	1.0	719	2	0.28231	0.17865	0.28596	0.781462	471	5	0.28231
L43F	30	0.72909	0.99992	1.0	720	5	0.55315	0.020625	0.064155	0.224267	340	16	0.55315
L35SfsTer10	30	0.73086	0.99992	1.0	721	7	0.17764	0.099484	0.28126	0.779016	417	13	0.17764
G154D	24	0.73166	0.99968	1.0	722	7	0.030181	0.85327	0.95906	1.0	807	6	0.030181
P128L	30	0.73228	0.99992	1.0	723	9	-0.02031	0.79708	0.95348	1.0	767	9	-0.02031
C141Y	16	0.73362	0.99612	1.0	724	5	-0.20907	0.22956	0.39621	0.977634	508	3	-0.20907
P278_G279insCLCLS	24	0.73929	0.99968	1.0	725	7	-0.18185	0.91097	0.9835	1.0	853	6	-0.18185
C242AfsTer5	18	0.74	0.99808	1.0	726	5	1.6364	2.1739e-07	4.0346e-06	3.3e-05	119	12	1.6364
G154S	23	0.74564	0.99971	1.0	727	7	-0.1978	0.72178	0.92127	1.0	719	4	-0.1978
V143E	16	0.74696	0.99613	1.0	728	5	-0.22016	0.23093	0.39621	0.977634	510	3	-0.22016
C141W	14	0.74899	0.99197	1.0	729	4	-0.041362	0.94098	0.97935	1.0	878	2	-0.041362
N310Y	27	0.75289	0.99981	1.0	730	5	0.60035	0.023728	0.070497	0.242978	350	14	0.60035
E68K	26	0.75834	0.99983	1.0	731	3	0.42843	0.080449	0.1943	0.570361	400	13	0.42843
E224A	29	0.75959	0.99983	1.0	732	9	-0.022785	0.52527	0.7927	1.0	643	10	-0.022785
L289I	28	0.7606	0.99979	1.0	733	3	1.074	0.0010527	0.0040467	0.01888	253	18	1.074
L111R	21	0.76072	0.99912	1.0	734	6	-0.0044071	0.68735	0.88442	1.0	707	6	-0.0044071
R342VfsTer11	3	0.76092	0.70345	1.0	735	0	-0.40068	0.91702	0.93633	1.0	859	0	-0.40068
R110L	19	0.76212	0.99855	1.0	736	4	0.0057797	0.73244	0.88858	1.0	728	5	0.0057797
L289EfsTer58	23	0.76328	0.99972	1.0	737	4	0.53506	0.020821	0.065357	0.227821	341	11	0.53506
P128S	30	0.76695	0.99992	1.0	738	7	0.13597	0.67292	0.89829	1.0	701	10	0.13597
S241F	21	0.76788	0.99935	1.0	739	6	0.67509	1.7655e-05	0.00010087	0.000645	183	11	0.67509
C135S	3	0.77017	0.74524	1.0	740	0	2.0461	0.0044794	0.0077263	0.034101	289	2	2.0461
E68Ter	25	0.77167	0.99976	1.0	741	4	0.29157	0.20687	0.40453	0.982894	493	10	0.29157
H214P	13	0.7731	0.99495	1.0	742	2	0.52762	0.13391	0.28595	0.781462	442	6	0.52762
T125R	29	0.77365	0.99983	1.0	743	8	0.05963	0.58885	0.8079	1.0	667	10	0.05963
S215T	28	0.77456	0.99992	1.0	744	6	0.18832	0.40266	0.63359	1.0	589	11	0.18832
P278RfsTer72	3	0.77558	0.74524	1.0	745	0	1.2309	0.141	0.16709	0.511259	449	2	1.2309
L289V	27	0.77591	0.99987	1.0	746	7	0.43134	0.11418	0.26979	0.750668	425	11	0.43134
C141G	17	0.77846	0.99732	1.0	747	4	-0.079258	0.73456	0.90177	1.0	730	2	-0.079258
C141Ter	14	0.78165	0.99445	1.0	748	4	-0.11338	0.99544	0.99457	1.0	1000	1	-0.11338
A189P	30	0.78231	0.99992	1.0	749	9	-0.11995	0.86504	0.97595	1.0	815	5	-0.11995
I255F	30	0.78365	0.99992	1.0	750	6	-0.24812	0.62423	0.8384	1.0	680	8	-0.24812
P222P	30	0.78849	0.99992	1.0	751	8	0.021757	0.25942	0.44343	1.0	524	10	0.021757
V218E	29	0.78899	0.99992	1.0	752	6	0.077559	0.84256	0.96937	1.0	799	6	0.077559
M237L	9	0.78972	0.97395	1.0	753	1	1.2761	0.0088811	0.023082	0.092555	306	6	1.2761
S215I	28	0.79407	0.99992	1.0	754	6	0.34364	0.1374	0.30701	0.808365	443	13	0.34364
P80A	11	0.79462	0.98861	1.0	755	3	0.27672	0.088085	0.16968	0.515354	409	5	0.27672
D228VfsTer18	24	0.79505	0.99969	1.0	756	4	0.57625	0.0070127	0.020556	0.083797	300	15	0.57625
D48RfsTer4	30	0.79603	0.99992	1.0	757	9	0.21555	0.17186	0.39838	0.977634	466	12	0.21555
D7N	28	0.79746	0.99992	1.0	758	8	0.086783	0.62029	0.83776	1.0	676	7	0.086783
E28V	15	0.798	0.99607	1.0	759	3	0.44305	0.092104	0.20174	0.58938	411	8	0.44305
R213Ter	11	0.80144	0.98861	1.0	760	3	1.7486	0.00069088	0.0013435	0.007015	244	6	1.7486
N239_S240insR	12	0.80384	0.99219	1.0	761	2	2.5673	1.918e-08	4.0346e-06	3.3e-05	92	8	2.5673
H115Y	30	0.8042	0.99996	1.0	762	7	0.080536	0.48079	0.73408	1.0	620	11	0.080536
L264V	12	0.80511	0.99219	1.0	763	3	-0.068154	0.95309	0.98053	1.0	903	2	-0.068154
K120Q	30	0.80525	0.99996	1.0	764	9	-0.09319	0.14395	0.29519	0.783989	456	9	-0.09319
L265Q	30	0.80807	0.99996	1.0	765	9	0.034648	0.14239	0.29519	0.783989	453	14	0.034648
P128_A128del	54	0.80845	1.0	1.0	766	12	0.54777	0.0052159	0.023252	0.092629	293	29	0.54777
P190P	30	0.80863	0.99996	1.0	767	9	0.061294	0.45551	0.71008	1.0	609	9	0.061294
M237K	9	0.80865	0.97396	1.0	768	2	1.5678	0.00093627	0.00303	0.014505	249	6	1.5678
Y103Ter	12	0.80914	0.99219	1.0	769	2	0.56813	0.033316	0.069698	0.240929	363	6	0.56813
H296Y	28	0.81277	0.99996	1.0	770	8	0.96884	0.0016121	0.0043856	0.020306	266	16	0.96884
E286Ter	26	0.81535	0.99992	1.0	771	4	0.44305	0.34544	0.56185	1.0	555	10	0.44305
Y126H	30	0.81758	0.99997	1.0	772	5	0.40527	0.077978	0.18087	0.543936	397	14	0.40527
E286A	27	0.81891	0.99992	1.0	773	6	0.34446	0.19671	0.37958	0.964252	485	12	0.34446
P36L	30	0.8223	0.99997	1.0	774	9	-0.19976	0.92143	0.9874	1.0	861	6	-0.19976
S127F	30	0.82286	0.99997	1.0	775	7	-0.12055	0.42329	0.71008	1.0	599	11	-0.12055
P190S	30	0.82476	0.99997	1.0	776	8	-0.1963	0.11865	0.28537	0.781462	433	7	-0.1963
P219S	29	0.82617	0.99996	1.0	777	7	0.081033	0.96458	0.99582	1.0	916	6	0.081033
T102_Y102del	12	0.82629	0.99219	1.0	778	2	0.86895	0.021687	0.053398	0.188275	345	7	0.86895
K291N	27	0.82715	0.99992	1.0	779	4	1.7678	1.0269e-07	4.0346e-06	3.3e-05	112	20	1.7678
Q38Q	30	0.82745	0.99997	1.0	780	6	0.14187	0.18507	0.39838	0.977634	477	12	0.14187
N131D	9	0.82824	0.97396	1.0	781	2	-0.2392	0.94024	0.95347	1.0	876	1	-0.2392
T18HfsTer26	10	0.82959	0.98269	1.0	782	2	0.52574	0.18095	0.23908	0.682213	473	5	0.52574
P128A	30	0.83228	0.99998	1.0	783	6	-0.10309	0.48029	0.73408	1.0	619	11	-0.10309
C229YfsTer10	25	0.83252	0.99984	1.0	784	6	-0.067436	0.69094	0.90935	1.0	709	6	-0.067436
F212Y	11	0.83367	0.98861	1.0	785	2	1.5441	0.0016095	0.0047326	0.021749	265	6	1.5441
E343D	9	0.83396	0.97396	1.0	786	1	-0.084183	0.097713	0.14829	0.457174	415	4	-0.084183
N239SfsTer392	15	0.84125	0.99771	1.0	787	3	1.8942	4.4218e-06	1.2104e-05	9.3e-05	164	12	1.8942
A70A	18	0.84565	0.99867	1.0	788	4	0.16537	0.29554	0.51059	1.0	540	6	0.16537
Y126S	30	0.84625	0.99998	1.0	789	7	0.24753	0.14242	0.29519	0.783989	454	12	0.24753
P219VfsTer30	29	0.84779	0.99997	1.0	790	8	-0.19269	1.0	1.0	1.0	1122	1	-0.19269
P190LfsTer57	30	0.8496	0.99998	1.0	791	8	0.0635	0.088212	0.23274	0.667218	410	9	0.0635
Q144GfsTer2	5	0.85031	0.86984	1.0	792	1	0.14941	0.4994	0.57257	1.0	629	2	0.14941
L265GfsTer392	30	0.85513	0.99999	1.0	793	8	0.050658	0.61616	0.83839	1.0	675	10	0.050658
S215N	28	0.8552	0.99997	1.0	794	8	0.16322	0.17332	0.33343	0.872311	467	12	0.16322
Y126N	30	0.86008	0.99999	1.0	795	6	0.49672	0.060087	0.14454	0.447882	384	15	0.49672
E388K	12	0.86069	0.99219	1.0	796	3	0.052174	0.55414	0.7132	1.0	655	4	0.052174
C124Ter	29	0.86076	0.99997	1.0	797	8	-0.17307	0.99215	0.99923	1.0	981	5	-0.17307
N263S	15	0.86288	0.99771	1.0	798	3	-0.076752	0.99738	0.99721	1.0	1015	1	-0.076752
K120Ter	30	0.86425	0.99999	1.0	799	7	0.031972	0.36179	0.62537	1.0	563	11	0.031972
P223L	30	0.86478	0.99999	1.0	800	8	0.10716	0.78292	0.94554	1.0	755	9	0.10716
T284RfsTer21	26	0.86562	0.99994	1.0	801	6	0.56201	0.097673	0.23067	0.662845	414	12	0.56201
F109Y	13	0.86601	0.99495	1.0	802	2	0.62047	0.065485	0.1117	0.36067	392	7	0.62047
Q144GfsTer24	3	0.86774	0.78296	1.0	803	0	0.39539	0.26887	0.38289	0.968674	527	2	0.39539
K139RfsTer31	15	0.87155	0.99771	1.0	804	2	0.45997	0.082316	0.14137	0.443633	403	8	0.45997
F113_L114insS	3	0.87178	0.84775	1.0	805	0	0.16469	0.80428	0.87512	1.0	772	0	0.16469
S240R	18	0.87287	0.9993	1.0	806	1	1.4125	3.2248e-07	4.0346e-06	3.3e-05	122	13	1.4125
I254I	30	0.87417	0.99999	1.0	807	7	-0.091591	0.43313	0.71008	1.0	603	5	-0.091591
V73AfsTer76	29	0.87509	0.99997	1.0	808	8	0.20332	0.7196	0.93414	1.0	717	9	0.20332
P219L	29	0.87625	0.99997	1.0	809	8	-0.084481	0.96663	0.99583	1.0	919	6	-0.084481
L344M	9	0.88119	0.97396	1.0	810	1	0.22625	0.26935	0.34684	0.899724	528	4	0.22625
C238R	9	0.88358	0.97396	1.0	811	1	1.4361	0.0015024	0.0030381	0.014505	263	8	1.4361
V216E	30	0.88379	0.99999	1.0	812	5	-0.10084	0.9652	0.99699	1.0	918	6	-0.10084
C135Y	3	0.88423	0.84776	1.0	813	0	2.625	0.00066859	0.00023804	0.001418	243	2	2.625
H115RfsTer34	28	0.89002	0.99997	1.0	814	7	0.1345	0.95013	0.99405	1.0	889	6	0.1345
V218V	29	0.89338	0.99997	1.0	815	6	0.15841	0.62639	0.81374	1.0	683	9	0.15841
P34P	30	0.89391	0.99999	1.0	816	8	-0.027485	0.045175	0.13828	0.435047	371	11	-0.027485
P80S	9	0.89441	0.97396	1.0	817	2	0.54008	0.086806	0.14828	0.457174	408	4	0.54008
Y103C	12	0.89525	0.9922	1.0	818	2	0.54129	0.20353	0.34164	0.888121	489	6	0.54129
Q144H	5	0.89695	0.86984	1.0	819	1	0.19438	0.78626	0.78942	1.0	760	1	0.19438
M66L	12	0.89794	0.9922	1.0	820	2	0.049292	0.44336	0.67307	1.0	605	5	0.049292
K120E	29	0.89814	0.99997	1.0	821	6	0.030809	0.12051	0.25454	0.719635	434	13	0.030809
C141R	17	0.89814	0.99904	1.0	822	4	0.026956	0.85998	0.94038	1.0	812	4	0.026956
S116C	30	0.89962	0.99999	1.0	823	8	-0.14372	0.89361	0.97977	1.0	837	8	-0.14372
T155P	23	0.90013	0.99979	1.0	824	4	0.14218	0.49732	0.70746	1.0	626	7	0.14218
V217E	30	0.90033	0.99999	1.0	825	8	-0.041546	0.75238	0.94554	1.0	735	9	-0.041546
F109V	13	0.90365	0.99496	1.0	826	3	0.31592	0.28295	0.44734	1.0	535	6	0.31592
E221Ter	30	0.9046	0.99999	1.0	827	8	-0.082229	0.9524	0.99192	1.0	897	7	-0.082229
L35SfsTer8	30	0.90529	0.99999	1.0	828	6	0.036995	0.079881	0.18087	0.543936	399	12	0.036995
E62E	24	0.90565	0.99974	1.0	829	3	0.81195	0.0027624	0.0073148	0.032756	275	14	0.81195
Y103TfsTer20	15	0.90708	0.99772	1.0	830	3	1.4833	5.1071e-09	4.0346e-06	3.3e-05	84	11	1.4833
T211A	12	0.90712	0.9922	1.0	831	1	1.7189	8.4292e-07	1.2104e-05	9.3e-05	135	11	1.7189
H214H	11	0.9072	0.98862	1.0	832	1	0.56731	0.078823	0.16968	0.515354	398	5	0.56731
D42N	30	0.90772	0.99999	1.0	833	6	0.17641	0.23234	0.42188	1.0	511	13	0.17641
F134V	14	0.91013	0.9968	1.0	834	2	0.30897	0.013649	0.034976	0.134112	323	6	0.30897
F134L	14	0.91018	0.9968	1.0	835	2	1.5287	0.00012999	0.00039136	0.002203	211	11	1.5287
I50V	18	0.91057	0.9993	1.0	836	2	0.69577	0.0050909	0.016231	0.067972	292	11	0.69577
V216L	28	0.9111	0.99998	1.0	837	5	0.27951	0.15541	0.31214	0.820118	460	13	0.27951
E286V	27	0.91113	0.99994	1.0	838	4	0.24859	0.38859	0.60854	1.0	583	10	0.24859
V217M	29	0.91204	0.99998	1.0	839	7	-0.13889	0.97109	0.99607	1.0	927	6	-0.13889
F134C	15	0.91246	0.99772	1.0	840	3	0.58575	0.00035142	0.0012306	0.006453	229	9	0.58575
L114SfsTer36	21	0.913	0.99971	1.0	841	4	0.59152	0.10441	0.21184	0.61159	422	10	0.59152
C124R	23	0.91371	0.99984	1.0	842	5	-0.24979	0.72427	0.92127	1.0	720	5	-0.24979
P222L	30	0.91418	1.0	1.0	843	7	0.014568	0.36391	0.62537	1.0	565	8	0.014568
V225I	24	0.91484	0.99984	1.0	844	5	0.26323	0.18475	0.35486	0.914729	475	10	0.26323
Q192L	30	0.91585	1.0	1.0	845	7	0.5576	0.0080321	0.028634	0.112608	304	17	0.5576
K120R	29	0.91786	0.99998	1.0	846	7	0.003387	0.2807	0.57905	1.0	534	10	0.003387
D48H	30	0.92006	1.0	1.0	847	6	0.36667	0.045924	0.13828	0.435047	374	15	0.36667
E294E	29	0.92103	0.99998	1.0	848	5	1.2167	1.1191e-06	4.0346e-06	3.3e-05	140	21	1.2167
L35Ter	30	0.92314	1.0	1.0	849	6	0.044402	0.30936	0.62027	1.0	544	10	0.044402
T125P	29	0.92451	0.99998	1.0	850	6	0.025323	0.79717	0.9609	1.0	768	8	0.025323
N131I	5	0.9277	0.89915	1.0	851	0	0.047474	0.71577	0.7356	1.0	714	1	0.047474
Y107TfsTer16	15	0.93079	0.99772	1.0	852	3	0.097624	0.95518	0.98565	1.0	908	2	0.097624
E287D	28	0.93374	0.99998	1.0	853	7	0.24682	0.30762	0.55873	1.0	543	11	0.24682
K291Ter	28	0.93374	0.99998	1.0	854	7	0.72639	0.017396	0.045886	0.169075	332	14	0.72639
T125SfsTer46	27	0.93486	0.99994	1.0	855	4	0.13142	0.19024	0.37015	0.942268	480	12	0.13142
E286E	27	0.93662	0.99998	1.0	856	6	0.11719	0.66493	0.89766	1.0	695	8	0.11719
F109VfsTer40	13	0.93883	0.99496	1.0	857	2	0.41426	0.29488	0.46051	1.0	539	6	0.41426
L93V	3	0.93956	0.89825	1.0	858	0	0.78469	0.22127	0.237	0.677849	503	2	0.78469
P8S	27	0.93973	0.99998	1.0	859	6	0.26272	0.7784	0.9413	1.0	750	8	0.26272
E285V	26	0.94031	0.99995	1.0	860	5	0.28342	0.45077	0.6764	1.0	608	10	0.28342
V218G	28	0.94048	0.99998	1.0	861	6	0.072905	0.49551	0.75769	1.0	624	8	0.072905
N239Y	12	0.94101	0.9922	1.0	862	1	1.8001	7.6369e-06	3.6312e-05	0.000253	167	10	1.8001
V216G	30	0.94192	1.0	1.0	863	5	-0.0061111	0.90766	0.98021	1.0	849	6	-0.0061111
L265R	30	0.94195	1.0	1.0	864	7	0.1788	0.046256	0.13828	0.435047	375	14	0.1788
E56KfsTer67	30	0.94534	1.0	1.0	865	6	0.66926	0.012573	0.038519	0.144093	318	16	0.66926
E221K	30	0.94615	1.0	1.0	866	7	-0.0038364	0.98748	0.99923	1.0	963	5	-0.0038364
A39S	30	0.94676	1.0	1.0	867	7	-0.024202	0.53742	0.77255	1.0	646	10	-0.024202
F270V	29	0.94714	0.99998	1.0	868	6	0.2384	0.1093	0.24494	0.696014	423	13	0.2384
S46Y	30	0.94974	1.0	1.0	869	4	0.29492	0.11685	0.28537	0.781462	432	14	0.29492
V122V	16	0.95165	0.9985	1.0	870	2	0.21052	0.37412	0.54499	1.0	572	6	0.21052
V143M	16	0.95224	0.9985	1.0	871	3	0.023911	0.31447	0.5065	1.0	546	5	0.023911
G199E	3	0.95276	0.95095	1.0	872	0	0.41982	0.24274	0.28945	0.783989	516	2	0.41982
Q100RfsTer23	27	0.95341	0.99999	1.0	873	2	1.7824	5.6513e-09	4.0346e-06	3.3e-05	85	22	1.7824
F134I	15	0.95389	0.99772	1.0	874	1	1.5875	0.001053	0.0022957	0.011358	254	10	1.5875
P219Ter	30	0.95465	1.0	1.0	875	7	-0.045876	0.8967	0.97977	1.0	840	7	-0.045876
E286G	27	0.95738	0.99999	1.0	876	5	0.26173	0.60996	0.84015	1.0	673	9	0.26173
V216M	28	0.95755	1.0	1.0	877	5	0.032316	0.54465	0.77613	1.0	650	10	0.032316
I50T	18	0.9576	0.99931	1.0	878	2	0.52514	0.095939	0.16929	0.515354	413	9	0.52514
M237I	9	0.95886	0.97396	1.0	879	1	1.8882	0.00025654	0.00037522	0.002172	225	7	1.8882
K373RfsTer392	7	0.95905	0.93941	1.0	880	1	0.83969	0.12076	0.18686	0.55651	435	4	0.83969
E294Q	29	0.96066	0.99999	1.0	881	4	0.81891	0.00019915	0.00083517	0.004495	222	20	0.81891
E286K	26	0.96077	0.99997	1.0	882	1	0.82376	0.0080021	0.018991	0.077673	303	15	0.82376
D259N	18	0.96242	0.99931	1.0	883	2	1.8555	3.0134e-08	4.0346e-06	3.3e-05	100	15	1.8555
L26L	15	0.96258	0.99772	1.0	884	2	0.34713	0.12306	0.25018	0.70895	437	8	0.34713
T125M	30	0.96283	1.0	1.0	885	6	0.0037898	0.96998	0.99699	1.0	925	6	0.0037898
T18T	8	0.96334	0.96017	1.0	886	1	1.0292	0.019843	0.042295	0.156313	337	6	1.0292
N310TfsTer35	24	0.96358	0.99992	1.0	887	4	0.5302	0.021359	0.047798	0.174149	343	12	0.5302
S313AfsTer32	16	0.96501	0.9985	1.0	888	3	0.31127	0.73151	0.90099	1.0	727	4	0.31127
P36_S36del	30	0.96689	1.0	1.0	889	6	0.17097	0.66739	0.89828	1.0	698	9	0.17097
Q144Ter	8	0.96779	0.96017	1.0	890	1	-0.062451	0.76263	0.85457	1.0	741	2	-0.062451
P27A	15	0.96869	0.99772	1.0	891	2	0.47539	0.06447	0.101	0.32959	389	8	0.47539
G108VfsTer15	13	0.97036	0.99496	1.0	892	2	0.39767	0.19709	0.30659	0.808365	486	6	0.39767
P222RfsTer25	29	0.97082	0.99999	1.0	893	4	0.16324	0.083221	0.19305	0.568025	405	13	0.16324
K120N	30	0.97153	1.0	1.0	894	4	0.11973	0.20623	0.40415	0.982894	492	12	0.11973
D228H	23	0.97176	0.99994	1.0	895	3	0.16373	0.31685	0.55095	1.0	547	9	0.16373
K292Ter	29	0.97225	0.99999	1.0	896	2	1.5813	1.7008e-11	4.0346e-06	3.3e-05	46	25	1.5813
R290L	28	0.97225	1.0	1.0	897	3	0.6187	0.011207	0.034775	0.133756	313	15	0.6187
L348W	30	0.97293	1.0	1.0	898	6	0.33954	0.023196	0.073733	0.253418	349	14	0.33954
M384I	6	0.97295	0.95411	1.0	899	0	0.90734	0.11446	0.18308	0.546566	426	4	0.90734
Y220H	29	0.97373	0.99999	1.0	900	6	0.037763	0.77453	0.9439	1.0	746	5	0.037763
F109L	13	0.97609	0.99496	1.0	901	2	0.4612	0.13375	0.28595	0.781462	441	7	0.4612
R110LfsTer14	12	0.97744	0.9922	1.0	902	1	0.91477	0.021703	0.053398	0.188275	346	7	0.91477
Q192Ter	30	0.97804	1.0	1.0	903	6	0.38442	0.061773	0.14455	0.447882	385	15	0.38442
R110FfsTer33	3	0.97963	0.98721	1.0	904	0	0.96753	0.02037	0.023171	0.092608	339	3	0.96753
G117V	29	0.98002	1.0	1.0	905	6	-0.076886	0.54848	0.79271	1.0	652	10	-0.076886
Y103H	14	0.98005	0.9968	1.0	906	2	1.6612	1.4294e-05	2.0173e-05	0.000147	177	10	1.6612
S20L	9	0.98023	0.97396	1.0	907	1	1.0591	0.0011685	0.00303	0.014505	260	8	1.0591
K291Q	27	0.98051	1.0	1.0	908	4	0.80718	0.009371	0.026092	0.102942	308	16	0.80718
F109C	13	0.9808	0.99496	1.0	909	1	0.75118	0.0042635	0.0078635	0.034459	288	9	0.75118
Y107H	15	0.98184	0.99772	1.0	910	2	0.24774	0.45569	0.7308	1.0	610	6	0.24774
D49N	18	0.98194	0.99931	1.0	911	1	0.5054	0.066897	0.14234	0.445532	393	9	0.5054
E224Ter	30	0.98267	1.0	1.0	912	5	0.33828	0.14384	0.29519	0.783989	455	14	0.33828
L130H	10	0.98295	0.98269	1.0	913	1	0.28537	0.47756	0.70705	1.0	617	4	0.28537
R213Q	10	0.98316	0.98269	1.0	914	1	1.8371	0.00012106	0.00018963	0.001175	208	6	1.8371
R290R	27	0.98358	1.0	1.0	915	5	1.0395	7.5872e-05	0.0002219	0.001341	202	18	1.0395
K351Ter	26	0.98359	0.99998	1.0	916	4	0.20339	0.34606	0.56185	1.0	556	10	0.20339
P151_P152insHT	11	0.98374	0.98862	1.0	917	1	0.29024	0.3296	0.49881	1.0	550	2	0.29024
S127T	30	0.98403	1.0	1.0	918	6	0.0077484	0.44965	0.71008	1.0	607	11	0.0077484
G266Ter	30	0.98447	1.0	1.0	919	6	0.14918	0.19624	0.39838	0.977634	483	13	0.14918
E285Ter	25	0.98485	0.99995	1.0	920	3	0.30859	0.23884	0.46731	1.0	513	11	0.30859
P47R	30	0.98549	1.0	1.0	921	5	0.51045	0.015047	0.042037	0.155828	325	17	0.51045
F54F	30	0.98559	1.0	1.0	922	4	0.94593	1.0344e-05	7.6658e-05	0.000508	173	22	0.94593
S94Ter	18	0.98574	0.99931	1.0	923	2	1.4785	0.00064107	0.0019568	0.0098	241	13	1.4785
G108S	15	0.98576	0.99772	1.0	924	2	0.59939	0.045573	0.10099	0.32959	373	9	0.59939
P58QfsTer65	30	0.98582	1.0	1.0	925	3	0.83767	0.00017631	0.00045591	0.002497	219	20	0.83767
E294Ter	28	0.98629	1.0	1.0	926	5	1.1343	4.2349e-06	4.0346e-06	3.3e-05	162	21	1.1343
G117A	30	0.98666	1.0	1.0	927	4	0.058229	0.67187	0.89829	1.0	700	10	0.058229
L348Ter	30	0.98718	1.0	1.0	928	4	0.33835	0.0019569	0.0055153	0.025064	268	13	0.33835
F212SfsTer3	12	0.98722	0.9922	1.0	929	1	1.1634	0.00092337	0.0029897	0.014499	248	8	1.1634
F212V	14	0.98747	0.9968	1.0	930	1	1.4996	0.00015605	0.00048012	0.002618	215	11	1.4996
E287K	13	0.98923	0.99496	1.0	931	1	1.2611	9.4099e-05	0.00020577	0.001269	204	11	1.2611
P60A	30	0.98931	1.0	1.0	932	1	0.86906	0.00017963	0.00045591	0.002497	220	20	0.86906
R290_K290del	28	0.99011	1.0	1.0	933	2	0.96877	0.0011575	0.0040467	0.01888	257	17	0.96877
A119G	30	0.99034	1.0	1.0	934	4	0.14632	0.37635	0.62792	1.0	574	12	0.14632
C238C	9	0.99058	0.98389	1.0	935	0	1.8055	2.8248e-05	2.0173e-05	0.000147	187	7	1.8055
F270L	30	0.99059	1.0	1.0	936	5	0.44754	0.025678	0.075395	0.256288	352	16	0.44754
R213P	12	0.99122	0.9922	1.0	937	1	0.99334	0.002785	0.0050312	0.023035	276	6	0.99334
E287Ter	26	0.99134	0.99998	1.0	938	1	0.89026	9.8668e-05	0.00031874	0.001854	205	18	0.89026
Q144SfsTer26	7	0.99143	0.98034	1.0	939	0	1.1774	0.030476	0.053156	0.188275	357	5	1.1774
L350L	18	0.99157	0.99931	1.0	940	1	0.7292	0.015488	0.050461	0.182643	327	11	0.7292
C135AfsTer35	11	0.99162	0.98862	1.0	941	1	2.0141	3.5109e-05	6.8589e-05	0.000468	191	7	2.0141
K120SfsTer3	30	0.9919	1.0	1.0	942	5	0.27207	0.19363	0.39838	0.977634	481	13	0.27207
P309L	27	0.99221	1.0	1.0	943	4	0.92416	0.00037175	0.0015291	0.007818	231	16	0.92416
R213DfsTer34	10	0.99268	0.98984	1.0	944	0	1.8127	9.6045e-07	4.0346e-06	3.3e-05	136	8	1.8127
R110VfsTer13	12	0.99281	0.9922	1.0	945	1	0.79216	0.033542	0.069698	0.240929	364	7	0.79216
P316LfsTer21	20	0.99296	0.9997	1.0	946	2	0.94353	0.0098429	0.022751	0.091625	309	12	0.94353
R196G	16	0.9931	0.9985	1.0	947	2	0.85224	0.00017592	0.00060923	0.003308	218	13	0.85224
L264I	12	0.99317	0.9922	1.0	948	1	0.252	0.78588	0.88287	1.0	759	3	0.252
K320R	12	0.99357	0.9922	1.0	949	1	1.7239	0.00017028	0.00039943	0.002238	216	10	1.7239
Q375K	12	0.99379	0.9922	1.0	950	1	1.602	5.2762e-05	0.0002219	0.001341	198	11	1.602
Q375Ter	14	0.99382	0.9968	1.0	951	1	1.8279	7.2185e-06	1.2104e-05	9.3e-05	165	11	1.8279
D48LfsTer80	27	0.99399	1.0	1.0	952	3	0.7683	6.0012e-05	0.00021384	0.001305	201	18	0.7683
E224K	30	0.99404	1.0	1.0	953	4	0.30738	0.18972	0.39838	0.977634	479	13	0.30738
R110G	12	0.99437	0.9922	1.0	954	1	0.56135	0.083049	0.18979	0.561148	404	7	0.56135
R209T	18	0.9945	0.99931	1.0	955	1	1.4625	2.0398e-07	4.0346e-06	3.3e-05	118	16	1.4625
E346K	30	0.995	1.0	1.0	956	2	0.85094	0.00057244	0.0014081	0.007229	239	19	0.85094
R290H	28	0.99551	1.0	1.0	957	3	0.52879	0.00046658	0.0020375	0.010121	234	14	0.52879
D48N	30	0.99552	1.0	1.0	958	4	0.34829	0.14039	0.29317	0.783989	448	13	0.34829
C135R	15	0.9957	0.99772	1.0	959	1	1.3098	1.2361e-07	4.0346e-06	3.3e-05	114	13	1.3098
R213L	12	0.99582	0.9922	1.0	960	1	1.1806	0.0011684	0.0032559	0.015485	259	8	1.1806
N263IfsTer82	15	0.99584	0.99772	1.0	961	1	0.18454	0.33617	0.48152	1.0	552	6	0.18454
G262G	11	0.99596	0.99377	1.0	962	0	0.23692	0.3468	0.58666	1.0	557	5	0.23692
I50I	18	0.99617	0.99931	1.0	963	1	0.97735	0.0033234	0.0086624	0.037825	281	11	0.97735
E346Ter	30	0.99634	1.0	1.0	964	2	1.0873	6.3594e-08	4.0346e-06	3.3e-05	108	24	1.0873
E285K	25	0.99637	0.99995	1.0	965	3	0.20466	0.20547	0.40453	0.982894	491	11	0.20466
Y107C	15	0.99638	0.99772	1.0	966	1	0.48164	0.013475	0.029207	0.113767	322	10	0.48164
D49V	15	0.99644	0.99772	1.0	967	1	0.74757	0.002656	0.0075891	0.033617	274	11	0.74757
R290C	28	0.99658	1.0	1.0	968	4	0.80857	0.0038001	0.014214	0.06014	286	15	0.80857
R213LfsTer3	5	0.99662	0.99875	1.0	969	0	1.7288	0.0033779	0.0041194	0.019146	282	5	1.7288
F109GfsTer15	13	0.99665	0.99496	1.0	970	1	0.2815	0.27025	0.44733	1.0	530	6	0.2815
F109I	13	0.99666	0.99496	1.0	971	1	0.47851	0.050565	0.10283	0.334677	378	8	0.47851
P27LfsTer17	30	0.99672	1.0	1.0	972	2	0.61194	0.0059008	0.018305	0.07537	296	18	0.61194
N239I	12	0.99682	0.9922	1.0	973	0	1.8839	2.9795e-06	2.0173e-05	0.000147	155	10	1.8839
R65Ter	23	0.99697	0.99994	1.0	974	3	0.83411	0.0035866	0.0090497	0.039376	283	15	0.83411
P191QfsTer392	29	0.99701	1.0	1.0	975	4	0.57846	0.0074129	0.020952	0.085126	301	17	0.57846
E294SfsTer51	59	0.99726	1.0	1.0	976	5	1.0583	9.1262e-14	4.0346e-06	3.3e-05	16	47	1.0583
K386K	9	0.99731	0.99036	1.0	977	0	0.30222	0.29068	0.47837	1.0	538	4	0.30222
F134F	14	0.99738	0.9968	1.0	978	1	1.2797	1.4503e-05	2.0173e-05	0.000147	178	10	1.2797
Y126Y	30	0.99741	1.0	1.0	979	4	0.20247	0.3598	0.62537	1.0	562	12	0.20247
T123DfsTer26	15	0.99744	0.99772	1.0	980	1	0.17226	0.40184	0.61836	1.0	588	6	0.17226
L289F	28	0.9975	1.0	1.0	981	4	0.9962	0.00049036	0.0020375	0.010121	235	19	0.9962
S240RfsTer25	12	0.99753	0.99574	1.0	982	0	2.586	2.0455e-08	4.0346e-06	3.3e-05	94	10	2.586
K292N	29	0.99754	1.0	1.0	983	1	1.1764	5.0719e-09	4.0346e-06	3.3e-05	83	25	1.1764
H193Q	26	0.99754	0.99998	1.0	984	2	0.71527	0.0025315	0.0068145	0.030854	272	16	0.71527
E51DfsTer74	9	0.9976	0.99036	1.0	985	0	0.84411	0.0069529	0.014561	0.061186	299	7	0.84411
P322HfsTer15	21	0.99786	0.99972	1.0	986	1	2.0168	3.7093e-07	4.0346e-06	3.3e-05	125	18	2.0168
R196PfsTer13	17	0.99792	0.99904	1.0	987	1	1.3982	4.9888e-05	0.00025418	0.001507	195	14	1.3982
R110R	12	0.99793	0.99575	1.0	988	0	0.64766	0.004611	0.011559	0.049077	290	9	0.64766
P322L	30	0.99794	1.0	1.0	989	1	1.425	1.0021e-11	4.0346e-06	3.3e-05	43	28	1.425
G59R	30	0.99794	1.0	1.0	990	4	0.70163	0.00055979	0.0014081	0.007229	237	20	0.70163
F54S	30	0.9981	1.0	1.0	991	2	0.58942	0.00036761	0.0013758	0.007123	230	20	0.58942
I195N	24	0.99812	0.99993	1.0	992	2	0.7579	4.5808e-07	4.0346e-06	3.3e-05	128	20	0.7579
F109S	13	0.99817	0.99496	1.0	993	0	0.57755	0.03263	0.054181	0.190488	361	8	0.57755
P47RfsTer76	30	0.99818	1.0	1.0	994	3	0.026312	0.17479	0.39838	0.977634	469	12	0.026312
I195T	23	0.99825	0.99994	1.0	995	2	0.75979	0.0001054	0.00043978	0.002442	206	16	0.75979
S106RfsTer16	15	0.99835	0.99772	1.0	996	1	0.83866	0.003008	0.0075891	0.033617	277	11	0.83866
S127P	29	0.99836	1.0	1.0	997	2	0.52956	0.012221	0.046798	0.171405	315	16	0.52956
R110_L111insN	18	0.99848	0.99931	1.0	998	1	0.30183	0.19504	0.35354	0.913257	482	8	0.30183
N239H	12	0.99848	0.99575	1.0	999	0	2.1299	1.1605e-06	2.0173e-05	0.000147	141	10	2.1299
S20QfsTer24	20	0.99852	0.9997	1.0	1000	2	0.97408	0.0075489	0.022743	0.091625	302	13	0.97408
G266V	30	0.99854	1.0	1.0	1001	4	0.26995	0.14117	0.29318	0.783989	450	13	0.26995
L350I	21	0.99855	0.99972	1.0	1002	2	0.58365	0.0042305	0.0097517	0.042132	287	13	0.58365
R267_N268insRT	30	0.99855	1.0	1.0	1003	3	0.34296	0.059779	0.14454	0.447882	383	15	0.34296
Q100Ter	28	0.99864	1.0	1.0	1004	1	1.0702	8.1418e-08	4.0346e-06	3.3e-05	110	24	1.0702
E286Q	27	0.99874	1.0	1.0	1005	2	0.6547	0.018212	0.062283	0.218345	333	15	0.6547
N239T	12	0.99881	0.99786	1.0	1006	0	2.3034	1.7893e-07	4.0346e-06	3.3e-05	116	11	2.3034
F109_R110insLRF	6	0.99894	0.99965	1.0	1007	0	1.116	0.0010583	0.0017712	0.008943	255	6	1.116
F328LfsTer17	6	0.99896	0.99965	1.0	1008	0	2.0546	0.00025238	0.00031874	0.001854	223	6	2.0546
C238Ter	21	0.99898	0.99972	1.0	1009	1	1.3638	3.6376e-06	4.0346e-06	3.3e-05	160	18	1.3638
H380IfsTer392	9	0.999	0.99799	1.0	1010	0	2.1157	0.0012131	0.00303	0.014505	261	7	2.1157
Y205H	24	0.99903	0.99993	1.0	1011	2	1.165	8.0086e-07	4.0346e-06	3.3e-05	134	20	1.165
L265P	30	0.99903	1.0	1.0	1012	3	0.37358	0.012257	0.038511	0.144093	316	15	0.37358
L130I	10	0.99907	0.99797	1.0	1013	0	0.70424	0.070165	0.13126	0.420508	395	6	0.70424
H193R	26	0.99913	0.99998	1.0	1014	3	0.55273	0.0005916	0.0016905	0.008571	240	15	0.55273
Y205Ter	30	0.99916	1.0	1.0	1015	1	1.4582	2.8442e-12	4.0346e-06	3.3e-05	35	28	1.4582
G262V	15	0.99922	0.99772	1.0	1016	0	0.12097	0.54095	0.7497	1.0	648	5	0.12097
G374G	13	0.99926	0.99874	1.0	1017	0	1.2732	0.0023997	0.0069597	0.031396	270	10	1.2732
T211NfsTer5	12	0.99927	0.99787	1.0	1018	0	1.5984	1.5262e-06	2.0173e-05	0.000147	145	11	1.5984
H214LfsTer33	3	0.99929	0.99976	1.0	1019	0	2.5017	0.00070984	0.00023804	0.001418	246	3	2.5017
F270I	30	0.99932	1.0	1.0	1020	2	0.41279	0.027439	0.075403	0.256288	353	16	0.41279
R342SfsTer8	3	0.99933	0.99976	1.0	1021	0	1.944	0.00066564	0.00023804	0.001418	242	3	1.944
L264YfsTer81	12	0.99936	0.99787	1.0	1022	0	0.58721	0.036914	0.069706	0.240929	365	7	0.58721
P58P	29	0.99936	1.0	1.0	1023	1	0.90431	5.2409e-05	0.00018156	0.001131	197	20	0.90431
R110C	12	0.99945	0.99787	1.0	1024	0	0.70488	0.019811	0.053398	0.188275	336	8	0.70488
L194I	21	0.99951	0.99972	1.0	1025	1	1.1362	7.684e-06	4.0346e-06	3.3e-05	168	17	1.1362
L194L	21	0.99951	0.99972	1.0	1026	1	1.2006	3.2788e-07	4.0346e-06	3.3e-05	123	18	1.2006
N288IfsTer57	25	0.99952	0.99995	1.0	1027	2	0.26416	0.11496	0.26155	0.734361	428	11	0.26416
G262S	15	0.99955	0.99894	1.0	1028	0	0.21481	0.39267	0.61835	1.0	584	6	0.21481
A347D	30	0.99955	1.0	1.0	1029	3	0.5354	0.0016266	0.005475	0.024973	267	19	0.5354
R196Ter	17	0.99957	0.99904	1.0	1030	1	1.3547	2.5219e-06	4.0346e-06	3.3e-05	153	15	1.3547
G187D	30	0.99963	1.0	1.0	1031	2	0.04035	0.79144	0.95347	1.0	763	9	0.04035
E51NfsTer72	12	0.99965	0.99787	1.0	1032	0	0.84615	0.019896	0.053398	0.188275	338	7	0.84615
P322P	20	0.99966	0.9997	1.0	1033	1	1.3137	1.5306e-06	4.0346e-06	3.3e-05	146	16	1.3137
Y107Ter	15	0.99968	0.99894	1.0	1034	0	0.74191	0.016024	0.038503	0.144093	330	9	0.74191
S20Ter	8	0.99969	0.99933	1.0	1035	0	0.84754	0.003775	0.010583	0.045562	285	7	0.84754
G262NfsTer392	15	0.9997	0.99894	1.0	1036	0	0.44346	0.014227	0.029207	0.113767	324	10	0.44346
G187VfsTer60	30	0.99972	1.0	1.0	1037	3	0.1635	0.55769	0.78602	1.0	657	10	0.1635
Y107D	15	0.99973	0.9995	1.0	1038	0	0.48678	0.1	0.24505	0.696014	419	8	0.48678
S106R	15	0.99976	0.9995	1.0	1039	0	0.3683	0.20793	0.4118	0.993448	494	7	0.3683
Q317PfsTer20	29	0.99978	1.0	1.0	1040	2	0.98776	0.00035061	0.00098849	0.005273	228	19	0.98776
K321Ter	15	0.9998	0.9995	1.0	1041	0	2.0298	1.931e-08	4.0346e-06	3.3e-05	93	14	2.0298
Q317_P317del	28	0.99983	1.0	1.0	1042	1	1.3038	4.6237e-07	4.0346e-06	3.3e-05	129	23	1.3038
S378S	19	0.99983	0.9995	1.0	1043	1	1.8335	9.0182e-06	5.245e-05	0.00036	172	16	1.8335
Y107S	15	0.99983	0.9995	1.0	1044	0	0.7096	0.038749	0.090606	0.303752	367	8	0.7096
L194R	24	0.99984	0.99993	1.0	1045	1	0.59849	0.0013265	0.0039903	0.018759	262	15	0.59849
L194V	20	0.99984	0.9997	1.0	1046	1	0.63091	0.0011669	0.003966	0.018717	258	14	0.63091
I195F	9	0.99984	0.99977	1.0	1047	0	0.91547	0.00030384	0.00042364	0.002363	226	8	0.91547
L194H	23	0.99985	0.99994	1.0	1048	1	0.90847	5.6549e-07	4.0346e-06	3.3e-05	130	20	0.90847
L194F	9	0.99985	0.99977	1.0	1049	0	1.2166	0.00018006	0.00027032	0.001595	221	8	1.2166
C238F	12	0.99987	0.99977	1.0	1050	0	2.3272	3.905e-08	4.0346e-06	3.3e-05	103	11	2.3272
P390S	30	0.99987	1.0	1.0	1051	2	1.2764	1.7377e-11	4.0346e-06	3.3e-05	48	26	1.2764
S315FfsTer30	20	0.99989	0.9997	1.0	1052	1	1.1266	1.3726e-05	3.6312e-05	0.000253	176	16	1.1266
N345S	27	0.9999	1.0	1.0	1053	2	1.3094	2.7425e-08	4.0346e-06	3.3e-05	99	20	1.3094
N210TfsTer37	15	0.99991	0.99951	1.0	1054	0	1.6773	1.94e-07	4.0346e-06	3.3e-05	117	13	1.6773
E204Ter	30	0.99991	1.0	1.0	1055	1	1.0359	4.465e-05	0.00021384	0.001305	194	21	1.0359
D61H	29	0.99991	1.0	1.0	1056	2	0.99086	0.00014967	0.00078675	0.004253	213	20	0.99086
F270F	28	0.99992	1.0	1.0	1057	2	0.57717	0.00025261	0.0011418	0.006039	224	19	0.57717
E51Ter	35	0.99992	1.0	1.0	1058	2	0.55814	0.00094467	0.0023764	0.01171	250	22	0.55814
E287Q	27	0.99993	1.0	1.0	1059	1	0.77752	0.00098022	0.0026427	0.01297	251	18	0.77752
Q317AfsTer19	21	0.99993	0.99972	1.0	1060	1	1.3111	1.6527e-05	0.00010087	0.000645	179	16	1.3111
D393G	27	0.99994	1.0	1.0	1061	1	1.5126	9.0267e-12	4.0346e-06	3.3e-05	41	22	1.5126
S378A	17	0.99994	0.99982	1.0	1062	0	1.6962	0.0007244	0.001868	0.009394	247	11	1.6962
Y205C	30	0.99994	1.0	1.0	1063	1	1.1455	2.583e-11	4.0346e-06	3.3e-05	53	28	1.1455
F341_R342insQLRDV	6	0.99994	0.99996	1.0	1064	0	1.4912	5.5188e-05	7.6658e-05	0.000508	199	6	1.4912
H193D	27	0.99995	1.0	1.0	1065	1	0.96164	1.4214e-06	4.0346e-06	3.3e-05	144	22	0.96164
G293EfsTer13	29	0.99995	1.0	1.0	1066	1	1.3202	8.8904e-10	4.0346e-06	3.3e-05	72	26	1.3202
E56K	30	0.99996	1.0	1.0	1067	1	1.1539	4.273e-08	4.0346e-06	3.3e-05	105	24	1.1539
P60QfsTer63	29	0.99996	1.0	1.0	1068	2	1.1017	8.3306e-06	2.8242e-05	0.000201	170	22	1.1017
E56Ter	30	0.99996	1.0	1.0	1069	2	0.79369	1.6761e-05	7.6658e-05	0.000508	181	22	0.79369
N239IfsTer25	12	0.99996	0.99978	1.0	1070	0	1.6475	5.7086e-07	1.2104e-05	9.3e-05	131	11	1.6475
E326K	18	0.99997	0.99989	1.0	1071	0	1.3501	1.8172e-05	0.00010087	0.000645	184	15	1.3501
P27L	15	0.99997	0.99989	1.0	1072	0	0.63002	0.012087	0.029199	0.113767	314	10	0.63002
S314F	23	0.99997	0.99994	1.0	1073	1	1.0884	0.0015322	0.0045551	0.021012	264	15	1.0884
I195S	23	0.99997	0.99994	1.0	1074	1	1.3095	1.119e-06	4.0346e-06	3.3e-05	139	19	1.3095
K370K	17	0.99997	0.99983	1.0	1075	0	1.5802	3.1243e-06	4.0346e-06	3.3e-05	158	14	1.5802
N310N	26	0.99998	0.99998	1.0	1076	1	1.0548	0.00056231	0.0016824	0.008566	238	14	1.0548
C238S	12	0.99998	0.99978	1.0	1077	0	2.1861	1.8023e-06	2.0173e-05	0.000147	148	11	2.1861
S371F	21	0.99998	0.99996	1.0	1078	0	1.4937	2.5629e-06	4.0346e-06	3.3e-05	154	18	1.4937
Q317PfsTer29	30	0.99998	1.0	1.0	1079	1	1.4525	1.6939e-10	4.0346e-06	3.3e-05	64	27	1.4525
E28K	15	0.99998	0.99992	1.0	1080	0	0.52879	0.0026509	0.0075891	0.033617	273	11	0.52879
N239TfsTer8	12	0.99998	0.99978	1.0	1081	0	1.8838	2.2795e-06	2.0173e-05	0.000147	151	11	1.8838
D208E	21	0.99999	0.99996	1.0	1082	0	1.746	1.7546e-11	4.0346e-06	3.3e-05	49	20	1.746
E204D	24	0.99999	0.99993	1.0	1083	0	1.4218	3.9103e-05	0.00014121	0.000884	192	18	1.4218
W53Ter	30	0.99999	1.0	1.0	1084	1	0.7798	0.00013013	0.00039136	0.002203	212	21	0.7798
C238Y	12	0.99999	0.99988	1.0	1085	0	2.4532	2.7592e-07	1.2104e-05	9.3e-05	120	11	2.4532
F328SfsTer17	31	0.99999	1.0	1.0	1086	1	1.1636	9.9498e-07	4.0346e-06	3.3e-05	137	24	1.1636
D393H	27	0.99999	1.0	1.0	1087	1	1.3368	2.0256e-12	4.0346e-06	3.3e-05	33	24	1.3368
L330I	30	0.99999	1.0	1.0	1088	1	0.51031	0.0057907	0.018305	0.07537	294	15	0.51031
E204Q	30	0.99999	1.0	1.0	1089	1	1.0595	8.7434e-08	4.0346e-06	3.3e-05	111	24	1.0595
Y126Ter	30	0.99999	1.0	1.0	1090	1	0.54105	0.044531	0.13828	0.435047	370	15	0.54105
H193L	26	0.99999	0.99998	1.0	1091	1	0.8712	0.00012347	0.00031874	0.001854	209	19	0.8712
H193Y	26	0.99999	0.99998	1.0	1092	1	0.7315	3.1686e-05	8.4727e-05	0.000553	188	19	0.7315
Y205N	24	0.99999	0.99998	1.0	1093	0	1.7165	7.3934e-09	4.0346e-06	3.3e-05	87	21	1.7165
P27S	15	0.99999	0.99993	1.0	1094	0	1.0117	0.00054911	0.0013597	0.007069	236	11	1.0117
P64L	23	1.0	1.0	1.0	1095	0	1.1484	2.334e-05	4.4381e-05	0.000306	185	17	1.1484
E62K	26	1.0	0.99998	1.0	1096	0	0.75987	3.0405e-06	4.0346e-06	3.3e-05	156	21	0.75987
S269C	30	1.0	1.0	1.0	1097	1	0.62216	0.00012932	0.00039136	0.002203	210	20	0.62216
E326E	28	1.0	1.0	1.0	1098	1	1.4915	2.3466e-09	4.0346e-06	3.3e-05	76	24	1.4915
T211P	12	1.0	0.99999	1.0	1099	0	2.0351	4.5583e-08	4.0346e-06	3.3e-05	106	12	2.0351
P316L	28	1.0	1.0	1.0	1100	1	1.1458	1.0597e-05	4.0346e-06	3.3e-05	175	21	1.1458
L22V	20	1.0	0.99996	1.0	1101	0	1.2906	1.939e-06	1.2104e-05	9.3e-05	149	15	1.2906
E62Ter	26	1.0	1.0	1.0	1102	0	0.99314	2.1392e-06	4.0346e-06	3.3e-05	150	21	0.99314
S95C	27	1.0	1.0	1.0	1103	0	1.3759	1.0459e-05	3.6312e-05	0.000253	174	21	1.3759
Q52Ter	28	1.0	1.0	1.0	1104	0	1.171	3.1485e-09	4.0346e-06	3.3e-05	78	23	1.171
D393EfsTer393	27	1.0	1.0	1.0	1105	0	1.6916	1.2248e-12	4.0346e-06	3.3e-05	29	25	1.6916
L330H	30	1.0	1.0	1.0	1106	0	1.4421	7.4085e-08	4.0346e-06	3.3e-05	109	23	1.4421
F328L	30	1.0	1.0	1.0	1107	0	1.317	5.9189e-08	4.0346e-06	3.3e-05	107	24	1.317
V203M	30	1.0	1.0	1.0	1108	0	1.4476	4.1569e-07	4.0346e-06	3.3e-05	126	24	1.4476
G266G	29	1.0	1.0	1.0	1109	0	0.39461	0.016106	0.047831	0.174149	331	16	0.39461
L206WfsTer41	30	1.0	1.0	1.0	1110	0	1.422	3.7038e-08	4.0346e-06	3.3e-05	102	24	1.422
H193P	27	1.0	1.0	1.0	1111	0	0.82911	5.8552e-05	0.00013314	0.000842	200	19	0.82911
N239SfsTer391	12	1.0	1.0	1.0	1112	0	3.1829	4.0993e-11	4.0346e-06	3.3e-05	54	12	3.1829
K320N	15	1.0	0.99998	1.0	1113	0	2.2856	2.2576e-08	4.0346e-06	3.3e-05	95	14	2.2856
R267W	30	1.0	1.0	1.0	1114	0	0.50771	0.0036744	0.014464	0.060988	284	18	0.50771
L194P	23	1.0	1.0	1.0	1115	0	1.0706	5.0645e-05	9.2797e-05	0.000602	196	17	1.0706
L330R	30	1.0	1.0	1.0	1116	0	1.2593	3.6136e-06	2.8242e-05	0.000201	159	23	1.2593
S94L	18	1.0	1.0	1.0	1117	0	1.1355	3.4614e-05	0.00012507	0.000795	190	15	1.1355
I195L	24	1.0	1.0	1.0	1118	0	0.94408	1.6942e-08	4.0346e-06	3.3e-05	90	21	0.94408
P390P	29	1.0	1.0	1.0	1119	0	1.3413	5.3327e-11	4.0346e-06	3.3e-05	57	26	1.3413
W23Ter	19	1.0	1.0	1.0	1120	0	2.0064	1.0681e-13	4.0346e-06	3.3e-05	17	17	2.0064
Q317Ter	30	1.0	1.0	1.0	1121	0	1.0408	4.4141e-06	2.8242e-05	0.000201	163	23	1.0408
S392L	30	1.0	1.0	1.0	1122	0	1.3755	1.6261e-12	4.0346e-06	3.3e-05	32	27	1.3755
G266_R266del	30	1.0	1.0	1.0	1123	0	0.49533	0.010663	0.030466	0.117922	312	17	0.49533
P64S	24	1.0	1.0	1.0	1124	0	1.0512	1.1184e-06	4.0346e-06	3.3e-05	138	19	1.0512
R196L	29	1.0	1.0	1.0	1125	0	1.1872	9.4114e-13	4.0346e-06	3.3e-05	26	28	1.1872
D208G	24	1.0	1.0	1.0	1126	0	1.4542	2.2239e-09	4.0346e-06	3.3e-05	75	21	1.4542
S314S	23	1.0	1.0	1.0	1127	0	1.7968	5.8582e-09	4.0346e-06	3.3e-05	86	21	1.7968
R267G	30	1.0	1.0	1.0	1128	0	0.64734	0.00070963	0.0035787	0.016954	245	19	0.64734
K319RfsTer26	24	1.0	1.0	1.0	1129	0	2.0178	6.662e-10	4.0346e-06	3.3e-05	70	23	2.0178
R209KfsTer6	18	1.0	1.0	1.0	1130	0	1.5762	1.8136e-08	4.0346e-06	3.3e-05	91	16	1.5762
Y205D	24	1.0	1.0	1.0	1131	0	1.4446	1.7888e-06	4.0346e-06	3.3e-05	147	18	1.4446
P322RfsTer16	15	1.0	1.0	1.0	1132	0	2.2247	8.6947e-10	4.0346e-06	3.3e-05	71	15	2.2247
L289TfsTer17	25	1.0	0.99999	1.0	1133	0	1.3589	2.2958e-06	4.4381e-05	0.000306	152	20	1.3589
N268I	30	1.0	1.0	1.0	1134	0	0.61112	8.7481e-05	0.00038329	0.002203	203	20	0.61112
K321NfsTer24	15	1.0	1.0	1.0	1135	0	2.2153	3.0161e-08	4.0346e-06	3.3e-05	101	15	2.2153
R267Q	30	1.0	1.0	1.0	1136	0	0.67873	2.4886e-05	8.4727e-05	0.000553	186	21	0.67873
P98P	30	1.0	1.0	1.0	1137	0	1.8629	4.0781e-08	4.0346e-06	3.3e-05	104	24	1.8629
S96Y	30	1.0	1.0	1.0	1138	0	1.6307	1.2377e-06	4.0346e-06	3.3e-05	142	22	1.6307
E204G	27	1.0	1.0	1.0	1139	0	1.8106	2.2866e-10	4.0346e-06	3.3e-05	66	25	1.8106
V203E	30	1.0	1.0	1.0	1140	0	1.426	1.2511e-10	4.0346e-06	3.3e-05	63	27	1.426
G266E	30	1.0	1.0	1.0	1141	0	0.53949	0.00017334	0.00044784	0.002475	217	20	0.53949
Y205S	30	1.0	1.0	1.0	1142	0	1.3684	9.1724e-12	4.0346e-06	3.3e-05	42	27	1.3684
R202R	18	1.0	1.0	1.0	1143	0	1.6966	4.5998e-11	4.0346e-06	3.3e-05	56	17	1.6966
Q331Ter	30	1.0	1.0	1.0	1144	0	1.0503	7.1391e-07	4.0346e-06	3.3e-05	132	24	1.0503
Y327Ter	30	1.0	1.0	1.0	1145	0	1.2487	0.00011833	0.00039136	0.002203	207	19	1.2487
R267L	30	1.0	1.0	1.0	1146	0	0.77778	3.1809e-05	8.4727e-05	0.000553	189	21	0.77778
P60L	30	1.0	1.0	1.0	1147	0	1.0772	4.3704e-07	4.0346e-06	3.3e-05	127	23	1.0772
K320Ter	39	1.0	1.0	1.0	1148	0	1.814	4.4911e-12	4.0346e-06	3.3e-05	37	33	1.814
S269N	30	1.0	1.0	1.0	1149	0	0.84176	1.6929e-05	7.6658e-05	0.000508	182	21	0.84176
R267P	30	1.0	1.0	1.0	1150	0	1.0761	2.2717e-08	4.0346e-06	3.3e-05	96	23	1.0761
S96_V96del	30	1.0	1.0	1.0	1151	0	1.485	3.2181e-09	4.0346e-06	3.3e-05	79	25	1.485
N268TfsTer77	30	1.0	1.0	1.0	1152	0	0.772	7.2481e-06	3.6312e-05	0.000253	166	22	0.772
T211I	12	1.0	1.0	1.0	1153	0	1.8922	4.3714e-09	4.0346e-06	3.3e-05	82	12	1.8922
V197M	30	1.0	1.0	1.0	1154	0	1.1123	5.4462e-11	4.0346e-06	3.3e-05	58	28	1.1123
P98_S98del	30	1.0	1.0	1.0	1155	0	1.7309	2.5296e-10	4.0346e-06	3.3e-05	67	27	1.7309
N210N	12	1.0	1.0	1.0	1156	0	2.2359	3.6098e-09	4.0346e-06	3.3e-05	80	12	2.2359
S95LfsTer25	21	1.0	1.0	1.0	1157	0	2.3517	2.9209e-10	4.0346e-06	3.3e-05	68	19	2.3517
G325E	30	1.0	1.0	1.0	1158	0	1.6332	4.0964e-10	4.0346e-06	3.3e-05	69	26	1.6332
K319N	27	1.0	1.0	1.0	1159	0	1.8033	1.0423e-08	4.0346e-06	3.3e-05	89	23	1.8033
G325A	30	1.0	1.0	1.0	1160	0	1.8034	6.4384e-14	4.0346e-06	3.3e-05	14	28	1.8034
S392P	30	1.0	1.0	1.0	1161	0	1.2462	9.4873e-13	4.0346e-06	3.3e-05	27	28	1.2462
D208V	24	1.0	1.0	1.0	1162	0	1.5039	1.9254e-11	4.0346e-06	3.3e-05	51	23	1.5039
L206Ter	30	1.0	1.0	1.0	1163	0	1.379	2.5239e-08	4.0346e-06	3.3e-05	97	24	1.379
V197L	30	1.0	1.0	1.0	1164	0	1.2335	1.8594e-17	4.0346e-06	3.3e-05	1	29	1.2335
K321EfsTer16	27	1.0	1.0	1.0	1165	0	1.9366	1.9869e-09	4.0346e-06	3.3e-05	73	23	1.9366
R196P	29	1.0	1.0	1.0	1166	0	1.4734	1.7555e-15	4.0346e-06	3.3e-05	7	27	1.4734
H193N	26	1.0	1.0	1.0	1167	0	1.3598	3.0195e-09	4.0346e-06	3.3e-05	77	24	1.3598
V203L	30	1.0	1.0	1.0	1168	0	1.4002	2.1991e-09	4.0346e-06	3.3e-05	74	26	1.4002
L206L	30	1.0	1.0	1.0	1169	0	1.4247	3.5581e-14	4.0346e-06	3.3e-05	13	29	1.4247
K319Ter	27	1.0	1.0	1.0	1170	0	1.8892	1.7077e-13	4.0346e-06	3.3e-05	19	26	1.8892
D324G	30	1.0	1.0	1.0	1171	0	2.0983	8.8688e-12	4.0346e-06	3.3e-05	40	27	2.0983
L201IfsTer8	21	1.0	1.0	1.0	1172	0	1.6328	5.5705e-12	4.0346e-06	3.3e-05	38	21	1.6328
Q331H	30	1.0	1.0	1.0	1173	0	2.2378	8.1502e-16	4.0346e-06	3.3e-05	5	29	2.2378
E326DfsTer19	30	1.0	1.0	1.0	1174	0	1.3806	1.9305e-10	4.0346e-06	3.3e-05	65	27	1.3806
E198Ter	30	1.0	1.0	1.0	1175	0	1.417	1.1581e-12	4.0346e-06	3.3e-05	28	29	1.417
L201CfsTer46	21	1.0	1.0	1.0	1176	0	1.439	6.4846e-11	4.0346e-06	3.3e-05	61	21	1.439
R209Ter	18	1.0	1.0	1.0	1177	0	1.7683	5.5988e-11	4.0346e-06	3.3e-05	59	18	1.7683
P318P	24	1.0	1.0	1.0	1178	0	1.9425	3.9323e-12	4.0346e-06	3.3e-05	36	23	1.9425
Y205F	30	1.0	1.0	1.0	1179	0	1.6464	8.2738e-12	4.0346e-06	3.3e-05	39	28	1.6464
V97LfsTer27	30	1.0	1.0	1.0	1180	0	1.8737	1.0434e-11	4.0346e-06	3.3e-05	45	28	1.8737
D393N	27	1.0	1.0	1.0	1181	0	1.6027	1.4977e-15	4.0346e-06	3.3e-05	6	26	1.6027
G325Ter	30	1.0	1.0	1.0	1182	0	1.9389	7.4514e-13	4.0346e-06	3.3e-05	23	28	1.9389
L201Ter	21	1.0	1.0	1.0	1183	0	1.4155	2.0102e-11	4.0346e-06	3.3e-05	52	21	1.4155
V97D	30	1.0	1.0	1.0	1184	0	1.5925	4.1726e-09	4.0346e-06	3.3e-05	81	26	1.5925
N200IfsTer47	27	1.0	1.0	1.0	1185	0	1.4437	1.084e-14	4.0346e-06	3.3e-05	10	26	1.4437
L330FfsTer15	30	1.0	1.0	1.0	1186	0	1.2275	1.584e-12	4.0346e-06	3.3e-05	31	29	1.2275
G199V	30	1.0	1.0	1.0	1187	0	1.4848	6.5041e-14	4.0346e-06	3.3e-05	15	27	1.4848
E326Ter	30	1.0	1.0	1.0	1188	0	1.8716	1.0879e-10	4.0346e-06	3.3e-05	62	27	1.8716
V197G	30	1.0	1.0	1.0	1189	0	1.0886	4.2713e-11	4.0346e-06	3.3e-05	55	28	1.0886
R202C	21	1.0	1.0	1.0	1190	0	1.691	1.0045e-11	4.0346e-06	3.3e-05	44	21	1.691
P98L	30	1.0	1.0	1.0	1191	0	1.3594	2.5947e-08	4.0346e-06	3.3e-05	98	25	1.3594
D207G	27	1.0	1.0	1.0	1192	0	1.3749	5.6766e-11	4.0346e-06	3.3e-05	60	24	1.3749
V97F	30	1.0	1.0	1.0	1193	0	1.9496	1.822e-11	4.0346e-06	3.3e-05	50	28	1.9496
V197E	29	1.0	1.0	1.0	1194	0	1.0014	6.6601e-13	4.0346e-06	3.3e-05	21	27	1.0014
P98R	30	1.0	1.0	1.0	1195	0	1.4732	9.6123e-09	4.0346e-06	3.3e-05	88	26	1.4732
P98S	30	1.0	1.0	1.0	1196	0	1.8887	1.7212e-11	4.0346e-06	3.3e-05	47	28	1.8887
R196Q	29	1.0	1.0	1.0	1197	0	1.1186	8.0761e-13	4.0346e-06	3.3e-05	24	27	1.1186
S94S	24	1.0	1.0	1.0	1198	0	2.1079	1.6689e-13	4.0346e-06	3.3e-05	18	24	2.1079
D324A	30	1.0	1.0	1.0	1199	0	1.958	1.2364e-12	4.0346e-06	3.3e-05	30	28	1.958
E198E	30	1.0	1.0	1.0	1200	0	1.2033	2.0878e-13	4.0346e-06	3.3e-05	20	29	1.2033
L330L	30	1.0	1.0	1.0	1201	0	1.7343	7.3376e-13	4.0346e-06	3.3e-05	22	29	1.7343
L330P	30	1.0	1.0	1.0	1202	0	1.7653	2.3124e-12	4.0346e-06	3.3e-05	34	29	1.7653
E198_G198del	30	1.0	1.0	1.0	1203	0	1.4819	8.7076e-13	4.0346e-06	3.3e-05	25	29	1.4819
N200Y	27	1.0	1.0	1.0	1204	0	1.2526	3.5077e-14	4.0346e-06	3.3e-05	12	27	1.2526
E198D	30	1.0	1.0	1.0	1205	0	1.2373	1.9749e-14	4.0346e-06	3.3e-05	11	30	1.2373
D208N	24	1.0	1.0	1.0	1206	0	1.648	4.0308e-15	4.0346e-06	3.3e-05	8	24	1.648
G199EfsTer48	27	1.0	1.0	1.0	1207	0	1.6861	7.2961e-16	4.0346e-06	3.3e-05	4	27	1.6861
L22L	20	1.0	1.0	1.0	1208	0	2.0356	6.6152e-17	4.0346e-06	3.3e-05	3	20	2.0356
V97CfsTer52	60	1.0	1.0	1.0	1209	0	1.3706	5.1517e-15	4.0346e-06	3.3e-05	9	51	1.3706
G199Ter	30	1.0	1.0	1.0	1210	0	1.3789	4.9749e-17	4.0346e-06	3.3e-05	2	30	1.3789
