id	num	neg|score	neg|p-value	neg|fdr	neg|rank	neg|goodsgrna	neg|lfc	pos|score	pos|p-value	pos|fdr	pos|rank	pos|goodsgrna	pos|lfc
V173E	30	7.044e-21	0.041537	1.0	1	30	-1.5588	1.0	1.0	1.0	1209	0	-1.5588
V172D	30	7.8847e-20	0.041537	1.0	2	29	-1.5938	1.0	1.0	1.0	1205	0	-1.5938
R174R	25	1.3738e-19	0.024163	1.0	3	25	-1.9279	1.0	1.0	1.0	1208	0	-1.9279
V172A	30	2.4742e-19	0.041537	1.0	4	30	-1.5902	1.0	1.0	1.0	1207	0	-1.5902
V173Ter	29	2.6361e-19	0.032999	1.0	5	28	-1.6531	0.99889	1.0	1.0	1034	1	-1.6531
V173A	30	2.8432e-18	0.041537	1.0	6	30	-1.4445	1.0	1.0	1.0	1210	0	-1.4445
R174W	30	4.5213e-17	0.041537	1.0	7	29	-1.7884	1.0	1.0	1.0	1200	0	-1.7884
C176R	29	2.2717e-16	0.032999	1.0	8	29	-1.6354	1.0	1.0	1.0	1206	0	-1.6354
E171Ter	30	4.8855e-16	0.041537	1.0	9	29	-1.5582	1.0	1.0	1.0	1203	0	-1.5582
C176Y	28	1.0027e-15	0.031216	1.0	10	26	-1.6953	0.74536	0.98128	1.0	751	2	-1.6953
H179PfsTer2	56	1.0098e-15	0.27352	1.0	11	49	-1.4967	1.0	1.0	1.0	1185	1	-1.4967
E171G	30	1.4846e-15	0.041537	1.0	12	27	-1.5412	1.0	1.0	1.0	1148	0	-1.5412
P177H	28	3.3019e-15	0.031216	1.0	13	26	-1.8232	1.0	1.0	1.0	1165	0	-1.8232
T170T	25	8.9379e-15	0.024163	1.0	14	24	-1.5348	1.0	1.0	1.0	1162	0	-1.5348
H179R	27	1.474e-14	0.024966	1.0	15	25	-1.6676	0.9999	1.0	1.0	1074	1	-1.6676
E171K	30	3.1288e-14	0.041537	1.0	16	28	-1.4248	1.0	1.0	1.0	1204	0	-1.4248
R175H	30	6.27e-14	0.041537	1.0	17	27	-1.6799	1.0	1.0	1.0	1198	0	-1.6799
M246T	27	5.622e-13	0.024966	1.0	18	27	-0.77299	1.0	1.0	1.0	1201	0	-0.77299
R174G	30	6.525e-13	0.041537	1.0	19	26	-1.3836	1.0	1.0	1.0	1173	0	-1.3836
R175PfsTer72	15	1.3796e-12	0.0038531	1.0	20	15	-1.5677	1.0	1.0	1.0	1202	0	-1.5677
T170M	30	2.1295e-12	0.041537	1.0	21	22	-1.1786	0.9967	0.99993	1.0	1011	4	-1.1786
R175G	29	2.1911e-12	0.032999	1.0	22	28	-1.3163	1.0	1.0	1.0	1195	0	-1.3163
V172F	30	3.2694e-12	0.041537	1.0	23	27	-1.4251	1.0	1.0	1.0	1147	0	-1.4251
T170K	30	4.5663e-12	0.041537	1.0	24	17	-1.2258	0.73054	0.97897	1.0	743	7	-1.2258
P177R	28	6.4079e-12	0.031216	1.0	25	25	-1.645	1.0	1.0	1.0	1170	0	-1.645
C176Ter	28	1.2164e-11	0.031216	1.0	26	26	-1.593	1.0	1.0	1.0	1156	0	-1.593
M169I	26	1.771e-11	0.031849	1.0	27	25	-1.4014	1.0	1.0	1.0	1183	0	-1.4014
C176S	30	2.3953e-11	0.041537	1.0	28	26	-1.2879	1.0	1.0	1.0	1196	0	-1.2879
H178D	28	3.9003e-11	0.031216	1.0	29	26	-1.6518	1.0	1.0	1.0	1197	0	-1.6518
C176F	28	5.4949e-11	0.031216	1.0	30	24	-1.4856	1.0	1.0	1.0	1189	0	-1.4856
V173M	30	9.0678e-11	0.041537	1.0	31	26	-1.3102	1.0	1.0	1.0	1194	0	-1.3102
G302RfsTer4	30	9.2784e-11	0.041537	1.0	32	27	-1.4325	0.99733	0.99995	1.0	1017	2	-1.4325
H179P	27	1.1319e-10	0.041012	1.0	33	24	-1.5142	0.99734	0.99993	1.0	1018	2	-1.5142
R175C	29	1.2864e-10	0.03427	1.0	34	27	-1.4821	1.0	1.0	1.0	1187	0	-1.4821
R175L	29	1.3932e-10	0.03427	1.0	35	27	-1.3744	1.0	1.0	1.0	1172	0	-1.3744
H179D	27	3.4066e-10	0.041012	1.0	36	24	-1.3038	1.0	1.0	1.0	1192	0	-1.3038
P177S	28	4.3415e-10	0.03122	1.0	37	24	-1.7527	1.0	1.0	1.0	1166	0	-1.7527
H179L	27	5.6362e-10	0.041012	1.0	38	24	-1.4561	0.94343	0.99816	1.0	894	2	-1.4561
H179Y	27	7.3143e-10	0.041016	1.0	39	24	-1.3051	1.0	1.0	1.0	1184	0	-1.3051
P177L	28	8.1592e-10	0.05122	1.0	40	26	-1.3139	1.0	1.0	1.0	1175	0	-1.3139
H178R	28	9.1578e-10	0.05122	1.0	41	24	-1.444	1.0	1.0	1.0	1180	0	-1.444
C275W	27	9.3805e-10	0.041016	1.0	42	25	-1.2406	1.0	1.0	1.0	1186	0	-1.2406
G245D	27	1.0113e-09	0.048464	1.0	43	24	-0.65961	1.0	1.0	1.0	1176	0	-0.65961
C176G	29	1.2836e-09	0.072922	1.0	44	25	-1.5088	1.0	1.0	1.0	1126	0	-1.5088
V173L	30	1.4341e-09	0.090993	1.0	45	26	-1.0099	0.99999	1.0	1.0	1110	1	-1.0099
G245V	27	1.5714e-09	0.06476	1.0	46	25	-0.64733	1.0	1.0	1.0	1199	0	-0.64733
G245C	29	3.2863e-09	0.10812	1.0	47	26	-0.56884	1.0	1.0	1.0	1182	0	-0.56884
H178TfsTer69	27	5.6344e-09	0.087564	1.0	48	23	-1.3077	1.0	1.0	1.0	1155	0	-1.3077
H178H	28	7.2239e-09	0.10885	1.0	49	25	-1.296	1.0	1.0	1.0	1179	0	-1.296
A83V	27	8.5316e-09	0.089412	1.0	50	24	-0.85025	0.99999	1.0	1.0	1112	0	-0.85025
H179N	27	9.6098e-09	0.092563	1.0	51	23	-1.259	1.0	1.0	1.0	1152	0	-1.259
C176W	28	9.6792e-09	0.10902	1.0	52	24	-1.5006	1.0	1.0	1.0	1174	0	-1.5006
P278R	23	9.7461e-09	0.066075	1.0	53	20	-1.4421	1.0	0.99998	1.0	1119	0	-1.4421
N247I	27	1.7105e-08	0.1117	1.0	54	24	-0.79805	1.0	1.0	1.0	1127	0	-0.79805
P301QfsTer44	29	1.9499e-08	0.1376	1.0	55	24	-1.2134	0.048024	0.34242	1.0	399	1	-1.2134
A307P	30	2.372e-08	0.16323	1.0	56	23	-1.3927	1.0	1.0	1.0	1181	0	-1.3927
E258V	30	4.9446e-08	0.19174	1.0	57	20	-0.89849	0.03843	0.33482	1.0	382	8	-0.89849
R335VfsTer10	30	5.0767e-08	0.19174	1.0	58	25	-0.93621	1.0	1.0	1.0	1140	0	-0.93621
R280EfsTer65	54	7.0979e-08	0.72525	1.0	59	39	-1.0836	1.0	1.0	1.0	1128	3	-1.0836
H178N	28	8.2906e-08	0.19739	1.0	60	24	-1.3121	1.0	1.0	1.0	1177	0	-1.3121
C275G	30	8.3132e-08	0.26984	1.0	61	23	-1.3244	0.12376	0.54052	1.0	454	3	-1.3244
P301S	30	1.0294e-07	0.26984	1.0	62	25	-1.3021	0.94147	0.99812	1.0	892	3	-1.3021
G244V	30	1.0422e-07	0.26984	1.0	63	25	-0.58938	1.0	1.0	1.0	1178	0	-0.58938
V147L	15	1.0759e-07	0.030377	1.0	64	15	-1.2787	1.0	1.0	1.0	1157	0	-1.2787
G244D	30	1.3989e-07	0.26985	1.0	65	25	-0.5344	1.0	1.0	1.0	1193	0	-0.5344
A84T	24	1.4236e-07	0.17578	1.0	66	21	-0.93625	1.0	1.0	1.0	1167	0	-0.93625
L257R	30	1.5632e-07	0.26985	1.0	67	18	-0.83407	0.2882	0.78869	1.0	561	6	-0.83407
E258D	30	1.9209e-07	0.28364	1.0	68	17	-0.85229	0.16315	0.62722	1.0	484	7	-0.85229
W146C	15	2.3817e-07	0.036493	1.0	69	14	-1.4174	0.99999	1.0	1.0	1113	0	-1.4174
V147LfsTer23	15	2.382e-07	0.036493	1.0	70	15	-1.1792	1.0	1.0	1.0	1151	0	-1.1792
T150AfsTer16	12	2.4544e-07	0.025011	1.0	71	12	-1.5304	0.99999	1.0	1.0	1115	0	-1.5304
V147A	15	2.4961e-07	0.038543	1.0	72	15	-1.1148	1.0	1.0	1.0	1150	0	-1.1148
P278H	30	2.7265e-07	0.28406	1.0	73	24	-1.1694	0.94755	0.99812	1.0	899	2	-1.1694
E258A	30	3.3756e-07	0.28448	1.0	74	18	-0.80813	0.022278	0.23408	0.757074	354	9	-0.80813
V274D	29	3.8882e-07	0.29408	1.0	75	22	-1.1263	0.89298	0.99675	1.0	850	5	-1.1263
H179EfsTer392	27	4.2076e-07	0.2941	1.0	76	21	-1.3203	0.97461	0.99943	1.0	951	3	-1.3203
M246V	27	5.3112e-07	0.29742	1.0	77	20	-0.83693	1.0	1.0	1.0	1159	0	-0.83693
C275R	29	5.6442e-07	0.3809	1.0	78	21	-1.2867	0.90111	0.99676	1.0	860	3	-1.2867
D259H	27	7.4504e-07	0.29743	1.0	79	17	-0.77203	0.00033025	0.016312	0.083049	231	9	-0.77203
E258G	30	8.4209e-07	0.42563	1.0	80	19	-0.78274	0.12703	0.54052	1.0	460	8	-0.78274
V274G	28	9.3304e-07	0.33793	1.0	81	22	-1.1413	0.90202	0.99593	1.0	861	3	-1.1413
E180D	6	9.3655e-07	0.0076376	1.0	82	6	-1.813	1.0	0.99931	1.0	1133	0	-1.813
N247T	27	9.6067e-07	0.30125	1.0	83	22	-0.62124	1.0	1.0	1.0	1164	0	-0.62124
C176_P177insL	28	1.0688e-06	0.33794	1.0	84	23	-1.0934	0.85212	0.99278	1.0	820	1	-1.0934
R249W	24	1.1271e-06	0.2217	1.0	85	20	-1.0632	1.0	1.0	1.0	1161	0	-1.0632
G244C	30	1.1844e-06	0.42563	1.0	86	24	-0.58993	1.0	1.0	1.0	1169	0	-0.58993
A276G	27	1.2168e-06	0.30125	1.0	87	19	-1.3278	1.0	1.0	1.0	1116	0	-1.3278
E180Ter	22	1.2408e-06	0.23597	1.0	88	16	-1.2825	0.56365	0.92245	1.0	673	2	-1.2825
D259A	27	1.494e-06	0.30209	1.0	89	18	-0.95131	0.32513	0.80094	1.0	572	7	-0.95131
R306R	30	1.6581e-06	0.42563	1.0	90	23	-1.225	1.0	1.0	1.0	1146	0	-1.225
G302G	30	1.9666e-06	0.42563	1.0	91	22	-1.1229	0.99532	0.9999	1.0	1004	2	-1.1229
R249GfsTer96	27	2.3158e-06	0.34874	1.0	92	21	-0.98168	0.99975	0.99999	1.0	1060	1	-0.98168
A276D	27	2.345e-06	0.34874	1.0	93	21	-0.99771	0.99947	0.99997	1.0	1044	2	-0.99771
M246R	27	2.4042e-06	0.34874	1.0	94	22	-0.53937	1.0	1.0	1.0	1171	0	-0.53937
R249K	24	3.7949e-06	0.32428	1.0	95	20	-0.9023	1.0	0.99999	1.0	1130	0	-0.9023
G302WfsTer4	30	3.8006e-06	0.42563	1.0	96	21	-1.1026	0.88199	0.99548	1.0	844	2	-1.1026
E258E	30	4.2901e-06	0.43503	1.0	97	19	-0.70427	0.3762	0.84903	1.0	594	7	-0.70427
P278A	28	4.4969e-06	0.4161	1.0	98	21	-1.2518	0.99989	0.99999	1.0	1072	2	-1.2518
R248G	25	4.5913e-06	0.3721	1.0	99	19	-0.90479	1.0	0.99999	1.0	1123	0	-0.90479
K305T	24	5.1817e-06	0.32428	1.0	100	19	-1.4037	1.0	1.0	1.0	1141	0	-1.4037
R158AfsTer12	26	5.9116e-06	0.41766	1.0	101	21	-1.1997	0.9999	1.0	1.0	1073	1	-1.1997
A83T	27	5.9405e-06	0.46163	1.0	102	20	-1.2097	1.0	1.0	1.0	1142	0	-1.2097
G245AfsTer2	30	6.6831e-06	0.49844	1.0	103	22	-0.59391	1.0	1.0	1.0	1188	0	-0.59391
E180A	19	6.7809e-06	0.25171	1.0	104	12	-1.1867	0.062793	0.28748	0.911134	415	5	-1.1867
V274V	30	6.7987e-06	0.49844	1.0	105	20	-1.1061	0.95471	0.99812	1.0	914	3	-1.1061
A159RfsTer22	29	7.2089e-06	0.55168	1.0	106	22	-1.0133	0.99984	1.0	1.0	1067	1	-1.0133
L257P	30	7.5036e-06	0.50445	1.0	107	20	-0.79093	0.46226	0.88873	1.0	632	5	-0.79093
P85L	23	8.236e-06	0.29959	1.0	108	19	-0.98035	1.0	0.99999	1.0	1137	0	-0.98035
E180K	22	8.8487e-06	0.38549	1.0	109	14	-1.2456	0.072385	0.39852	1.0	427	4	-1.2456
R158R	30	9.5936e-06	0.59215	1.0	110	23	-1.0414	0.70229	0.977	1.0	734	1	-1.0414
E180G	17	1.008e-05	0.16909	1.0	111	13	-1.431	0.69448	0.95324	1.0	730	3	-1.431
A276P	28	1.11e-05	0.51135	1.0	112	18	-0.77453	1.0	1.0	1.0	1134	0	-0.77453
D7H	27	1.1108e-05	0.46742	1.0	113	21	-0.92526	0.99998	1.0	1.0	1094	1	-0.92526
R175AfsTer72	14	1.1266e-05	0.16632	1.0	114	13	-1.5187	1.0	1.0	1.0	1132	0	-1.5187
V147I	15	1.2688e-05	0.21072	1.0	115	13	-1.1852	0.99995	0.99992	1.0	1086	0	-1.1852
H178P	28	1.2845e-05	0.51135	1.0	116	21	-1.1317	0.99993	0.99999	1.0	1081	1	-1.1317
G279E	30	1.2888e-05	0.59215	1.0	117	22	-1.0453	0.94368	0.99812	1.0	895	1	-1.0453
E258Ter	30	1.3123e-05	0.59215	1.0	118	17	-0.68751	0.020469	0.23407	0.757074	350	8	-0.68751
R181C	6	1.3405e-05	0.023881	1.0	119	6	-1.8815	0.99998	0.9987	1.0	1096	0	-1.8815
E3Ter	30	1.3699e-05	0.59215	1.0	120	22	-0.76608	1.0	1.0	1.0	1138	0	-0.76608
M246K	27	1.5062e-05	0.46742	1.0	121	20	-0.70138	1.0	1.0	1.0	1149	0	-0.70138
H179Q	19	1.5917e-05	0.25966	1.0	122	15	-1.0459	0.65022	0.93155	1.0	711	3	-1.0459
V274A	27	1.6704e-05	0.46742	1.0	123	19	-1.1173	0.91202	0.99569	1.0	867	6	-1.1173
L257Q	30	1.8874e-05	0.59216	1.0	124	18	-0.6376	0.85719	0.99167	1.0	824	8	-0.6376
G245S	29	1.9666e-05	0.55796	1.0	125	22	-0.52815	1.0	1.0	1.0	1191	0	-0.52815
P278L	30	2.0511e-05	0.59216	1.0	126	22	-1.1376	0.77385	0.98566	1.0	771	3	-1.1376
P72S	20	2.445e-05	0.32935	1.0	127	13	-1.285	0.97834	0.99869	1.0	959	3	-1.285
G334W	30	2.8331e-05	0.60758	1.0	128	22	-0.72358	1.0	1.0	1.0	1131	0	-0.72358
I255SfsTer90	12	2.8443e-05	0.11557	1.0	129	10	-1.1851	0.99898	0.99791	1.0	1037	0	-1.1851
D281G	27	2.9286e-05	0.53602	1.0	130	20	-1.1103	0.99999	1.0	1.0	1105	1	-1.1103
D148N	13	2.9469e-05	0.13545	1.0	131	12	-1.0841	0.99998	1.0	1.0	1099	0	-1.0841
P278P	30	3.2613e-05	0.61446	1.0	132	20	-1.2346	0.95973	0.99906	1.0	925	4	-1.2346
V173G	30	3.4268e-05	0.61446	1.0	133	21	-0.82489	0.99733	0.99995	1.0	1016	4	-0.82489
I251SfsTer94	22	3.6101e-05	0.43043	1.0	134	16	-1.3431	0.75102	0.96828	1.0	755	2	-1.3431
D259V	27	3.6168e-05	0.53603	1.0	135	17	-0.68249	0.011433	0.17441	0.60013	324	6	-0.68249
E2E	29	3.6516e-05	0.57375	1.0	136	21	-0.7919	0.99981	1.0	1.0	1064	1	-0.7919
R248L	24	4.2713e-05	0.49983	1.0	137	18	-0.73588	0.99994	0.99996	1.0	1083	1	-0.73588
A83P	27	4.3694e-05	0.63294	1.0	138	19	-0.95045	0.99801	0.99996	1.0	1022	3	-0.95045
L252TfsTer392	30	4.6641e-05	0.61447	1.0	139	18	-1.287	0.75772	0.98566	1.0	758	4	-1.287
R273G	28	4.6653e-05	0.57807	1.0	140	12	-0.37867	0.27394	0.77256	1.0	553	9	-0.37867
R333VfsTer12	30	4.7184e-05	0.61447	1.0	141	22	-0.65128	1.0	1.0	1.0	1129	0	-0.65128
G279V	30	5.0098e-05	0.61447	1.0	142	21	-1.1184	0.99931	1.0	1.0	1043	2	-1.1184
R249S	21	5.0381e-05	0.38249	1.0	143	15	-0.97788	0.99992	0.99991	1.0	1077	0	-0.97788
R337H	30	5.0522e-05	0.62556	1.0	144	21	-0.81884	1.0	1.0	1.0	1143	0	-0.81884
P278_G279insCLS	30	5.1331e-05	0.62557	1.0	145	21	-0.77977	0.25778	0.78037	1.0	540	6	-0.77977
M246L	27	7.5892e-05	0.65709	1.0	146	20	-0.60205	1.0	1.0	1.0	1139	0	-0.60205
G279W	30	7.8498e-05	0.66052	1.0	147	19	-1.305	0.8994	0.99739	1.0	858	5	-1.305
F270C	29	8.2799e-05	0.71248	1.0	148	11	0.26267	0.1256	0.56326	1.0	456	13	0.26267
D281V	27	8.7293e-05	0.65709	1.0	149	20	-1.1083	0.83607	0.99179	1.0	811	1	-1.1083
F270S	30	8.7719e-05	0.74655	1.0	150	12	0.16492	0.063624	0.45852	1.0	417	14	0.16492
C275Ter	28	0.00011509	0.69461	1.0	151	18	-0.93276	0.76509	0.98288	1.0	762	6	-0.93276
R280G	30	0.00011723	0.7596	1.0	152	21	-1.0936	1.0	1.0	1.0	1117	1	-1.0936
R337G	30	0.00011894	0.7596	1.0	153	21	-0.90543	1.0	1.0	1.0	1190	0	-0.90543
G154AfsTer16	49	0.00012918	0.94435	1.0	154	29	-0.83411	0.99534	1.0	1.0	1006	5	-0.83411
R248W	25	0.000135	0.5802	1.0	155	17	-0.72026	0.99974	0.99999	1.0	1058	1	-0.72026
D281A	27	0.00013812	0.65709	1.0	156	19	-1.0298	0.98596	0.99973	1.0	972	2	-1.0298
C275LfsTer31	12	0.00015216	0.24897	1.0	157	8	-1.1085	0.025309	0.1344	0.483595	361	3	-1.1085
A74A	26	0.00016989	0.61023	1.0	158	15	-0.9075	0.99893	0.99999	1.0	1035	2	-0.9075
C277F	28	0.00017473	0.69461	1.0	159	18	-1.0236	0.99895	0.99998	1.0	1036	1	-1.0236
P177SfsTer387	6	0.00017793	0.068246	1.0	160	6	-1.5279	0.99851	0.9987	1.0	1029	0	-1.5279
G244S	30	0.00021037	0.76615	1.0	161	21	-0.49898	0.99997	1.0	1.0	1088	1	-0.49898
R158_A159insP	30	0.00021466	0.76615	1.0	162	21	-0.79648	0.22542	0.7294	1.0	525	2	-0.79648
E258Q	30	0.0002249	0.76615	1.0	163	17	-0.66378	0.022793	0.23408	0.757074	356	9	-0.66378
R156PfsTer17	24	0.00024549	0.67226	1.0	164	16	-1.123	0.42676	0.84069	1.0	622	1	-1.123
R249M	24	0.00027815	0.68032	1.0	165	17	-0.72469	0.99987	0.99996	1.0	1070	1	-0.72469
D148H	13	0.00028535	0.32294	1.0	166	10	-1.0819	0.99991	0.99989	1.0	1076	0	-1.0819
R280S	30	0.00030536	0.76616	1.0	167	20	-1.0028	0.96449	0.99912	1.0	933	1	-1.0028
A276V	26	0.00030667	0.74894	1.0	168	16	-0.85639	0.99949	1.0	1.0	1045	2	-0.85639
M246I	27	0.00030751	0.71436	1.0	169	18	-0.55584	1.0	1.0	1.0	1136	0	-0.55584
E336G	30	0.00031292	0.76616	1.0	170	19	-0.8152	1.0	1.0	1.0	1158	0	-0.8152
C182C	3	0.00032763	0.04035	1.0	171	3	-1.5741	0.99967	0.98169	1.0	1053	0	-1.5741
P278T	27	0.00037344	0.78504	1.0	172	19	-0.94314	0.99973	0.99999	1.0	1056	1	-0.94314
M40V	27	0.0003818	0.78577	1.0	173	19	-0.61519	0.92193	0.99636	1.0	877	1	-0.61519
C182AfsTer65	3	0.00040895	0.04035	1.0	174	3	-1.7182	0.99959	0.98169	1.0	1051	0	-1.7182
C275F	21	0.00041218	0.56265	1.0	175	12	-0.74749	0.034531	0.23304	0.757074	378	6	-0.74749
P151R	17	0.00042255	0.53743	1.0	176	13	-1.1803	0.82789	0.97522	1.0	800	1	-1.1803
R273S	29	0.0004277	0.77379	1.0	177	17	-1.038	0.29117	0.80478	1.0	565	7	-1.038
G356A	12	0.00045664	0.28532	1.0	178	10	-0.8618	0.99951	0.99792	1.0	1047	0	-0.8618
L145P	18	0.00047506	0.5923	1.0	179	14	-0.78351	1.0	1.0	1.0	1118	0	-0.78351
V272A	28	0.00048196	0.81363	1.0	180	14	-0.43679	0.27572	0.77256	1.0	554	9	-0.43679
A78A	26	0.00049568	0.7642	1.0	181	18	-0.85354	0.99999	1.0	1.0	1114	0	-0.85354
G334R	30	0.000517	0.80328	1.0	182	20	-0.71677	0.99351	0.99987	1.0	993	1	-0.71677
E298E	30	0.00056796	0.80504	1.0	183	20	-0.91702	0.66758	0.97557	1.0	718	5	-0.91702
E271K	29	0.00057293	0.84252	1.0	184	13	0.14512	0.13302	0.57487	1.0	466	13	0.14512
D259Y	27	0.00057592	0.79871	1.0	185	15	-0.6204	0.0012747	0.041738	0.186229	255	8	-0.6204
WT	301	0.00057926	0.9926	1.0	186	133	-0.26235	0.77235	0.99514	1.0	769	86	-0.26235
A159_M160insTRHPRPR	6	0.00058196	0.11733	1.0	187	4	-1.9716	0.99157	0.99586	1.0	983	0	-1.9716
T150HfsTer31	13	0.00058259	0.34717	1.0	188	10	-1.3965	0.99968	0.9987	1.0	1054	0	-1.3965
A83RfsTer40	30	0.00066543	0.86109	1.0	189	18	-0.90846	1.0	1.0	1.0	1153	0	-0.90846
R248Q	24	0.00067128	0.70276	1.0	190	17	-0.64962	0.99998	0.99997	1.0	1093	0	-0.64962
V73M	28	0.00070647	0.82616	1.0	191	19	-0.8642	0.99418	0.99988	1.0	999	4	-0.8642
R273L	28	0.00074397	0.82616	1.0	192	18	-0.7753	0.60507	0.96367	1.0	689	6	-0.7753
Q136SfsTer35	6	0.00076554	0.1719	1.0	193	2	0.25998	0.011313	0.050195	0.216863	322	2	0.25998
E271V	29	0.00080465	0.85371	1.0	194	14	-0.27956	0.29668	0.80583	1.0	566	12	-0.27956
R280Ter	30	0.00084381	0.87447	1.0	195	20	-0.79723	0.99863	0.99998	1.0	1031	3	-0.79723
R156AfsTer14	23	0.00087125	0.66023	1.0	196	16	-0.92727	0.99999	0.99997	1.0	1107	0	-0.92727
M169V	8	0.00088585	0.21603	1.0	197	7	-1.5222	0.98436	0.97439	1.0	971	0	-1.5222
N239VfsTer7	3	0.00091316	0.047395	1.0	198	3	-2.2331	0.99909	0.97379	1.0	1039	0	-2.2331
C277G	28	0.00097382	0.82616	1.0	199	17	-1.0796	0.7478	0.98129	1.0	754	3	-1.0796
C275Y	28	0.0010374	0.82617	1.0	200	18	-0.82377	0.59598	0.95524	1.0	681	4	-0.82377
A86A	15	0.0010536	0.46521	1.0	201	11	-0.86902	0.99997	0.99999	1.0	1090	0	-0.86902
D259G	27	0.0011218	0.79872	1.0	202	13	-0.31641	0.0024191	0.058474	0.244906	273	9	-0.31641
R273C	28	0.0011218	0.82617	1.0	203	15	-0.57978	0.41828	0.87423	1.0	615	9	-0.57978
E339DfsTer7	24	0.0011903	0.78419	1.0	204	15	-0.7828	0.8703	0.99087	1.0	835	4	-0.7828
R273H	28	0.0012454	0.82617	1.0	205	16	-0.85559	0.8644	0.99373	1.0	828	5	-0.85559
V10I	25	0.001259	0.77878	1.0	206	17	-0.80557	0.99225	0.99978	1.0	985	3	-0.80557
C275S	29	0.0013543	0.85372	1.0	207	16	-0.73995	0.62439	0.96468	1.0	696	5	-0.73995
R335C	30	0.0013914	0.87495	1.0	208	16	-0.69398	0.99987	1.0	1.0	1069	2	-0.69398
R181H	3	0.001401	0.057021	1.0	209	3	-1.6261	0.9986	0.96326	1.0	1030	0	-1.6261
M160WfsTer10	27	0.0014609	0.82015	1.0	210	18	-0.9068	0.9999	1.0	1.0	1075	1	-0.9068
M160V	28	0.0015282	0.83567	1.0	211	18	-0.71168	0.99953	0.99998	1.0	1048	1	-0.71168
R337S	30	0.0016016	0.87495	1.0	212	18	-0.71197	1.0	1.0	1.0	1160	0	-0.71197
R156L	28	0.0016521	0.83568	1.0	213	16	-0.94887	0.83227	0.98563	1.0	807	3	-0.94887
S261VfsTer84	27	0.0017506	0.83656	1.0	214	17	-0.57459	0.020925	0.22634	0.744552	352	4	-0.57459
R282L	24	0.0018222	0.83805	1.0	215	15	-0.70683	0.90217	0.99463	1.0	862	3	-0.70683
G334V	30	0.0018711	0.88183	1.0	216	18	-0.7332	0.99998	1.0	1.0	1098	1	-0.7332
F338L	27	0.0018973	0.84711	1.0	217	17	-0.72972	0.92672	0.99636	1.0	880	1	-0.72972
K305Ter	24	0.0019436	0.83805	1.0	218	16	-0.64107	1.0	0.99997	1.0	1122	0	-0.64107
H296Q	30	0.0020125	0.88183	1.0	219	17	-0.73449	0.73247	0.97897	1.0	744	6	-0.73449
A276S	27	0.0021391	0.86664	1.0	220	16	-0.85644	0.999	0.99997	1.0	1038	2	-0.85644
P151H	16	0.00214	0.60573	1.0	221	12	-0.67334	0.99988	0.99965	1.0	1071	0	-0.67334
E271Ter	30	0.0022611	0.89355	1.0	222	10	0.43616	0.011643	0.18525	0.631346	326	16	0.43616
S149PfsTer21	13	0.0022681	0.50832	1.0	223	10	-1.1399	0.94738	0.99177	1.0	898	1	-1.1399
I162N	26	0.0022898	0.88255	1.0	224	17	-0.78725	0.96706	0.99919	1.0	935	3	-0.78725
G334E	30	0.0024256	0.89355	1.0	225	15	-0.60713	0.99998	1.0	1.0	1100	1	-0.60713
V272G	27	0.0024957	0.86664	1.0	226	15	-0.82022	0.042713	0.33227	1.0	389	8	-0.82022
G154RfsTer27	23	0.00261	0.82284	1.0	227	15	-0.74064	0.99284	0.99981	1.0	990	2	-0.74064
V147D	15	0.0026263	0.62203	1.0	228	11	-1.0006	0.99997	0.99999	1.0	1089	0	-1.0006
R306Q	30	0.0027065	0.89355	1.0	229	19	-0.70686	0.99999	1.0	1.0	1103	1	-0.70686
R335H	30	0.0027953	0.89355	1.0	230	19	-0.63306	0.99999	1.0	1.0	1111	1	-0.63306
R306Ter	30	0.0028658	0.9017	1.0	231	19	-0.74635	0.99982	1.0	1.0	1065	2	-0.74635
R181P	3	0.0029064	0.092333	1.0	232	3	-1.5806	0.99709	0.96326	1.0	1015	0	-1.5806
E271_V272insQL*	15	0.0030077	0.63723	1.0	233	10	-0.58054	0.0037233	0.04236	0.186997	285	3	-0.58054
N131Y	10	0.0030953	0.43661	1.0	234	1	0.47764	0.089502	0.29146	0.919329	437	6	0.47764
G279R	30	0.0032234	0.90768	1.0	235	18	-0.93461	0.73676	0.98016	1.0	748	5	-0.93461
C135Ter	6	0.0033865	0.25326	1.0	236	2	0.047864	0.022779	0.087209	0.344067	355	3	0.047864
I332S	6	0.0034033	0.25326	1.0	237	4	-1.8733	0.91897	0.93647	1.0	875	1	-1.8733
R337P	30	0.0035359	0.92076	1.0	238	17	-0.57046	0.99999	1.0	1.0	1106	1	-0.57046
R273P	29	0.0035615	0.90676	1.0	239	18	-0.79389	0.77393	0.98535	1.0	772	6	-0.79389
E298Q	29	0.003579	0.90676	1.0	240	15	-0.8069	0.78758	0.98668	1.0	779	6	-0.8069
A86RfsTer63	21	0.0036466	0.75697	1.0	241	14	-0.92152	0.99998	0.99991	1.0	1101	0	-0.92152
P82L	30	0.0036845	0.92076	1.0	242	18	-0.64961	0.99992	1.0	1.0	1079	1	-0.64961
S261I	27	0.0038355	0.90538	1.0	243	14	-0.63137	0.1108	0.54368	1.0	450	4	-0.63137
C277Ter	27	0.0038994	0.90538	1.0	244	16	-0.86794	0.99362	0.99985	1.0	995	2	-0.86794
P87L	15	0.0039262	0.66014	1.0	245	11	-0.95819	0.99999	1.0	1.0	1108	0	-0.95819
R249G	24	0.0040814	0.85503	1.0	246	15	-0.65522	1.0	1.0	1.0	1145	0	-0.65522
G334G	30	0.0042079	0.94588	1.0	247	17	-0.69475	1.0	1.0	1.0	1168	0	-0.69475
W146Ter	15	0.0043436	0.66014	1.0	248	11	-0.68337	0.99996	0.99992	1.0	1087	0	-0.68337
P250L	21	0.0044519	0.77573	1.0	249	14	-0.90042	0.12613	0.55293	1.0	458	5	-0.90042
I332F	14	0.0045583	0.63265	1.0	250	10	-0.56758	0.97185	0.99587	1.0	940	2	-0.56758
E271VfsTer35	30	0.0046477	0.94634	1.0	251	14	-0.066041	0.05493	0.39092	1.0	407	12	-0.066041
P75LfsTer48	21	0.0047629	0.77573	1.0	252	11	-0.38727	0.98711	0.99954	1.0	974	2	-0.38727
E258K	30	0.0048278	0.94634	1.0	253	16	-0.4796	0.0049185	0.11043	0.414373	295	9	-0.4796
E358E	10	0.0049404	0.56974	1.0	254	8	-0.78338	0.99371	0.98989	1.0	997	0	-0.78338
V274F	24	0.0050124	0.85503	1.0	255	11	0.054138	0.066442	0.39313	1.0	419	11	0.054138
M243T	27	0.0050448	0.90943	1.0	256	17	-0.37995	1.0	1.0	1.0	1154	0	-0.37995
D281N	27	0.005299	0.91553	1.0	257	14	-0.78139	0.13208	0.56536	1.0	465	8	-0.78139
A276T	28	0.0054067	0.92471	1.0	258	16	-0.76952	1.0	1.0	1.0	1125	0	-0.76952
R156S	25	0.0054622	0.8779	1.0	259	15	-0.91621	0.82901	0.98705	1.0	804	6	-0.91621
I255T	15	0.0057996	0.68756	1.0	260	10	-0.83539	0.99843	0.9989	1.0	1028	1	-0.83539
G154G	24	0.0059168	0.85503	1.0	261	14	-0.71363	0.40361	0.84069	1.0	608	6	-0.71363
R158P	30	0.0059253	0.94635	1.0	262	17	-0.71884	0.12565	0.54052	1.0	457	8	-0.71884
P71S	20	0.0062001	0.84971	1.0	263	8	0.019671	0.35135	0.73586	1.0	583	8	0.019671
F113LfsTer392	30	0.0062727	0.94891	1.0	264	16	-0.84362	0.99998	1.0	1.0	1097	1	-0.84362
L257V	30	0.0066875	0.94891	1.0	265	18	-0.52053	0.85448	0.99167	1.0	822	7	-0.52053
R280T	30	0.006846	0.94891	1.0	266	18	-0.77952	0.73952	0.98016	1.0	749	5	-0.77952
H297TfsTer48	29	0.0069094	0.93846	1.0	267	16	-0.62898	0.51597	0.90927	1.0	654	10	-0.62898
S6S	28	0.0069334	0.93094	1.0	268	17	-0.66678	0.44868	0.87706	1.0	629	4	-0.66678
I255S	14	0.007133	0.67138	1.0	269	10	-1.046	0.99519	0.99711	1.0	1002	1	-1.046
R283AfsTer23	27	0.0072291	0.91553	1.0	270	16	-0.6339	0.46258	0.86807	1.0	633	4	-0.6339
G154V	26	0.0075144	0.89648	1.0	271	15	-0.73433	0.69168	0.96852	1.0	729	3	-0.73433
R342R	24	0.0076182	0.85504	1.0	272	12	-0.60121	0.2721	0.75298	1.0	550	5	-0.60121
S149Y	11	0.0078081	0.63854	1.0	273	8	-1.0307	0.99983	0.99998	1.0	1066	0	-1.0307
G112R	30	0.0078617	0.94891	1.0	274	18	-0.72856	0.94761	0.99812	1.0	900	4	-0.72856
Q354R	18	0.0078724	0.79226	1.0	275	11	-0.66419	0.95294	0.99362	1.0	909	3	-0.66419
P278LfsTer67	27	0.0080034	0.91553	1.0	276	16	-0.71211	0.23634	0.73746	1.0	529	3	-0.71211
S260F	28	0.0080833	0.93094	1.0	277	16	-0.52713	0.39059	0.85691	1.0	603	4	-0.52713
D41H	30	0.0080955	0.94891	1.0	278	18	-0.55237	0.98017	0.99958	1.0	963	2	-0.55237
P82P	14	0.0081739	0.67138	1.0	279	10	-0.79598	0.99998	1.0	1.0	1095	0	-0.79598
V272L	28	0.0083544	0.93095	1.0	280	14	-0.3738	0.20017	0.70802	1.0	510	10	-0.3738
V272M	29	0.008445	0.94375	1.0	281	15	-0.40497	0.10004	0.49088	1.0	445	11	-0.40497
P190A	27	0.0091123	0.91703	1.0	282	15	-0.80718	0.88283	0.99396	1.0	845	2	-0.80718
R337C	30	0.0092714	0.94892	1.0	283	17	-0.6281	1.0	1.0	1.0	1144	0	-0.6281
D259E	27	0.0092895	0.91703	1.0	284	15	-0.47502	0.00039714	0.020476	0.101716	233	8	-0.47502
A161T	28	0.0096114	0.93095	1.0	285	16	-0.70249	0.9983	0.99997	1.0	1027	2	-0.70249
R156H	28	0.0096662	0.93095	1.0	286	16	-0.69074	0.91293	0.99673	1.0	870	2	-0.69074
V272E	28	0.0098309	0.93095	1.0	287	15	-0.59222	0.19234	0.70801	1.0	505	10	-0.59222
T253I	30	0.010057	0.94892	1.0	288	15	-0.4763	0.97419	0.99937	1.0	948	5	-0.4763
Q167Ter	4	0.010301	0.35353	1.0	289	4	-1.1939	0.9897	0.9877	1.0	981	0	-1.1939
R282Q	24	0.010468	0.93445	1.0	290	14	-0.89071	0.50993	0.90797	1.0	653	5	-0.89071
Y163N	23	0.010739	0.91782	1.0	291	12	-0.75598	0.88524	0.9929	1.0	847	1	-0.75598
C124G	24	0.010937	0.93445	1.0	292	14	-0.76567	0.92261	0.99558	1.0	878	4	-0.76567
P152S	12	0.011522	0.69885	1.0	293	8	-1.0363	0.893	0.97666	1.0	851	1	-1.0363
R282W	24	0.011588	0.93445	1.0	294	14	-0.83571	0.36631	0.81983	1.0	589	6	-0.83571
M243I	30	0.01197	0.95383	1.0	295	17	-0.41461	1.0	1.0	1.0	1163	0	-0.41461
I254L	30	0.012188	0.95383	1.0	296	17	-0.63306	0.20305	0.72939	1.0	511	4	-0.63306
R282R	24	0.012253	0.93445	1.0	297	14	-0.74278	0.82814	0.98331	1.0	801	3	-0.74278
S366S	8	0.012533	0.43659	1.0	298	4	-0.42456	0.59669	0.81162	1.0	682	1	-0.42456
Y163D	23	0.012566	0.91783	1.0	299	14	-0.62103	0.94998	0.99848	1.0	904	3	-0.62103
T253_I254insC	30	0.012742	0.95383	1.0	300	12	-0.22207	0.62226	0.96185	1.0	695	9	-0.22207
F338S	27	0.01284	0.94262	1.0	301	15	-0.61376	0.99707	0.99993	1.0	1014	2	-0.61376
R280I	30	0.012914	0.95383	1.0	302	16	-0.68635	0.82843	0.99166	1.0	802	4	-0.68635
M66I	6	0.013229	0.42255	1.0	303	4	-1.4447	0.023739	0.091074	0.355915	360	2	-1.4447
V73WfsTer50	26	0.013267	0.92983	1.0	304	15	-0.62479	0.97742	0.9995	1.0	957	4	-0.62479
R156G	21	0.013488	0.89525	1.0	305	13	-0.60986	0.99992	0.99991	1.0	1078	0	-0.60986
L130V	9	0.013538	0.52484	1.0	306	2	0.18523	0.42341	0.72583	1.0	619	3	0.18523
T253P	30	0.014288	0.95867	1.0	307	14	-0.39779	0.21536	0.72939	1.0	517	10	-0.39779
V73L	23	0.014307	0.91922	1.0	308	13	-0.73609	0.69504	0.95405	1.0	731	4	-0.73609
R283C	22	0.015077	0.91569	1.0	309	13	-0.61272	0.84628	0.98763	1.0	818	5	-0.61272
P85LfsTer38	18	0.015168	0.83563	1.0	310	11	-0.73918	1.0	1.0	1.0	1124	0	-0.73918
I162F	26	0.015261	0.95323	1.0	311	15	-0.75419	0.99248	0.99974	1.0	988	3	-0.75419
R156C	25	0.01545	0.94673	1.0	312	15	-0.5965	0.97278	0.99914	1.0	943	4	-0.5965
S362G	4	0.015706	0.35353	1.0	313	4	-1.1843	0.98429	0.98769	1.0	969	0	-1.1843
L344RfsTer8	3	0.016261	0.23105	1.0	314	3	-1.1229	0.98374	0.96326	1.0	968	0	-1.1229
S215C	20	0.016428	0.88916	1.0	315	11	-0.68287	0.63834	0.93835	1.0	702	4	-0.68287
I254HfsTer10	30	0.017103	0.95957	1.0	316	17	-0.58559	0.53661	0.92263	1.0	665	6	-0.58559
R158L	30	0.017587	0.96318	1.0	317	14	-0.34947	0.50344	0.91463	1.0	650	7	-0.34947
S261T	27	0.018007	0.9624	1.0	318	15	-0.52187	0.033056	0.31529	0.96959	375	5	-0.52187
L145Q	18	0.019471	0.84214	1.0	319	10	-0.67713	0.99924	0.99973	1.0	1042	1	-0.67713
D259EfsTer5	25	0.019559	0.9548	1.0	320	11	-0.1043	0.0055788	0.078389	0.3133	300	10	-0.1043
V73AfsTer76	28	0.019661	0.97095	1.0	321	16	-0.55203	0.94137	0.9984	1.0	891	6	-0.55203
E298Ter	30	0.01998	0.96958	1.0	322	15	-0.47225	0.85236	0.99167	1.0	821	6	-0.47225
C277Y	27	0.019989	0.96573	1.0	323	13	-0.49157	0.99974	0.99999	1.0	1057	1	-0.49157
N239K	14	0.020305	0.80139	1.0	324	4	1.3295	5.3132e-05	0.0019165	0.011641	205	9	1.3295
P250P	21	0.020349	0.91085	1.0	325	12	-0.6974	0.13618	0.55293	1.0	467	5	-0.6974
D148E	14	0.020631	0.80139	1.0	326	9	-0.82211	0.96121	0.99462	1.0	929	2	-0.82211
V274L	28	0.02141	0.97095	1.0	327	15	-0.5841	0.41611	0.87423	1.0	613	9	-0.5841
P151S	12	0.022124	0.70741	1.0	328	7	-0.9442	0.99364	0.99603	1.0	996	1	-0.9442
P142L	18	0.022287	0.87874	1.0	329	8	-0.33707	0.27712	0.67722	1.0	557	4	-0.33707
T150T	12	0.022647	0.70741	1.0	330	8	-0.99164	0.50493	0.82438	1.0	651	1	-0.99164
P36A	30	0.023651	0.98048	1.0	331	16	-0.68064	0.99819	0.99997	1.0	1025	2	-0.68064
D281Y	26	0.023836	0.96318	1.0	332	15	-0.546	0.3277	0.79914	1.0	573	5	-0.546
R249T	24	0.023888	0.94833	1.0	333	11	-0.49658	0.99875	0.99992	1.0	1033	2	-0.49658
P71L	22	0.024296	0.9289	1.0	334	13	-0.5968	0.95864	0.99858	1.0	922	4	-0.5968
K139T	17	0.024502	0.88969	1.0	335	10	-0.56521	0.99997	0.99979	1.0	1091	0	-0.56521
V157G	22	0.025564	0.9289	1.0	336	13	-0.66774	0.62081	0.94172	1.0	694	3	-0.66774
Y234D	18	0.02565	0.87875	1.0	337	10	-0.40744	0.79152	0.97108	1.0	781	4	-0.40744
Y234_N234del	2	0.026055	0.2432	1.0	338	2	-1.8317	0.97395	0.89102	1.0	946	0	-1.8317
H168AfsTer13	2	0.026335	0.2432	1.0	339	1	-1.5907	0.77035	0.75314	1.0	767	0	-1.5907
Y234H	18	0.026356	0.91093	1.0	340	10	-0.42929	0.97591	0.99847	1.0	953	2	-0.42929
A159D	30	0.027066	0.98292	1.0	341	16	-0.61062	0.82513	0.99166	1.0	797	6	-0.61062
I332N	11	0.027333	0.73814	1.0	342	6	-0.85897	0.99525	0.99346	1.0	1003	0	-0.85897
L130H	10	0.027904	0.7018	1.0	343	1	0.87238	0.0017283	0.011987	0.062059	261	8	0.87238
T253A	30	0.028668	0.98293	1.0	344	16	-0.63837	0.99229	0.99987	1.0	986	4	-0.63837
E271VfsTer75	28	0.029169	0.97743	1.0	345	11	0.68224	0.0031658	0.068891	0.28083	281	16	0.68224
P152HfsTer20	12	0.029252	0.75096	1.0	346	8	-0.55652	0.95421	0.99097	1.0	911	1	-0.55652
A355P	12	0.030169	0.78882	1.0	347	7	-0.61789	0.95448	0.99097	1.0	913	2	-0.61789
S215G	19	0.030367	0.9278	1.0	348	8	-0.22758	0.27625	0.68521	1.0	555	5	-0.22758
T231A	28	0.030428	0.97743	1.0	349	15	-0.54553	0.93499	0.99712	1.0	887	6	-0.54553
P219GfsTer29	29	0.032726	0.98186	1.0	350	14	-0.24844	0.75154	0.98178	1.0	756	8	-0.24844
F113S	30	0.032804	0.98505	1.0	351	16	-0.62465	0.79511	0.98831	1.0	784	5	-0.62465
P13L	27	0.033043	0.97336	1.0	352	15	-0.60712	0.98086	0.99958	1.0	965	3	-0.60712
I251L	21	0.033431	0.92034	1.0	353	12	-0.64046	0.36938	0.77986	1.0	591	5	-0.64046
P142LfsTer28	13	0.033491	0.79651	1.0	354	7	-0.84879	0.47556	0.82796	1.0	639	2	-0.84879
V218_P219insR	29	0.033588	0.98186	1.0	355	16	-0.52469	0.97454	0.99929	1.0	950	4	-0.52469
I255TfsTer392	12	0.034285	0.80654	1.0	356	8	-0.60054	0.95735	0.99097	1.0	918	1	-0.60054
I254SfsTer91	30	0.034736	0.98505	1.0	357	13	-0.34527	0.3475	0.83362	1.0	581	7	-0.34527
F113QfsTer5	9	0.036147	0.71719	1.0	358	6	-0.8318	0.99631	0.98957	1.0	1009	0	-0.8318
P87S	15	0.036421	0.86432	1.0	359	9	-0.79406	0.99998	1.0	1.0	1092	0	-0.79406
E349NfsTer21	30	0.037062	0.98588	1.0	360	13	-0.079083	0.33159	0.83362	1.0	576	8	-0.079083
P82TfsTer67	17	0.037469	0.91432	1.0	361	10	-0.60821	0.99994	0.99979	1.0	1084	0	-0.60821
R337L	30	0.03751	0.98588	1.0	362	15	-0.5336	1.0	1.0	1.0	1120	1	-0.5336
F113L	30	0.038881	0.98588	1.0	363	16	-0.62647	0.98886	0.99985	1.0	977	4	-0.62647
C135W	6	0.038987	0.60772	1.0	364	2	0.060876	0.038939	0.12221	0.447033	383	2	0.060876
S362AfsTer8	3	0.039249	0.39121	1.0	365	3	-0.60337	0.96075	0.96325	1.0	928	0	-0.60337
R282_R283insP	24	0.039639	0.95531	1.0	366	13	-0.50473	0.36424	0.81983	1.0	587	6	-0.50473
E336Ter	30	0.040736	0.98588	1.0	367	16	-0.49645	1.0	1.0	1.0	1135	0	-0.49645
L111V	21	0.040763	0.9554	1.0	368	10	-0.46645	0.94171	0.99683	1.0	893	2	-0.46645
P151T	13	0.040778	0.84528	1.0	369	8	-0.65494	0.98432	0.99556	1.0	970	1	-0.65494
T125DfsTer24	29	0.041069	0.98337	1.0	370	15	-0.53027	0.99999	1.0	1.0	1104	1	-0.53027
E339VfsTer8	24	0.041504	0.95532	1.0	371	13	-0.57991	0.99261	0.99983	1.0	989	3	-0.57991
V157L	30	0.04223	0.98589	1.0	372	14	-0.40342	0.14845	0.60903	1.0	471	5	-0.40342
G154_T155insSP	2	0.042441	0.2432	1.0	373	2	-1.5592	0.95756	0.89102	1.0	919	0	-1.5592
P82RfsTer41	30	0.042548	0.98589	1.0	374	16	-0.56917	0.97445	0.99937	1.0	949	6	-0.56917
I254MfsTer10	30	0.043015	0.98589	1.0	375	16	-0.58272	0.73499	0.98016	1.0	746	9	-0.58272
A159T	30	0.043028	0.98589	1.0	376	15	-0.43928	0.61357	0.96185	1.0	691	3	-0.43928
M160K	28	0.043627	0.97927	1.0	377	15	-0.48488	0.95438	0.99867	1.0	912	4	-0.48488
Y163C	8	0.044336	0.73226	1.0	378	4	-0.69131	0.89399	0.9519	1.0	852	1	-0.69131
S241C	21	0.045265	0.96213	1.0	379	8	0.15004	0.0023448	0.04867	0.211765	271	8	0.15004
I162I	23	0.046547	0.96583	1.0	380	12	-0.60849	0.99533	0.99988	1.0	1005	3	-0.60849
I251T	18	0.046798	0.93212	1.0	381	8	-0.25614	0.67444	0.94395	1.0	720	4	-0.25614
S362S	5	0.047288	0.56029	1.0	382	4	-0.81712	0.95902	0.92224	1.0	923	0	-0.81712
R158H	30	0.047335	0.98634	1.0	383	14	-0.35626	0.087473	0.50546	1.0	435	10	-0.35626
L145R	18	0.048394	0.93212	1.0	384	8	-0.20464	0.99753	0.9995	1.0	1020	1	-0.20464
Q165Ter	6	0.049585	0.64768	1.0	385	4	-1.134	0.88798	0.91588	1.0	848	1	-1.134
T256R	30	0.050597	0.98634	1.0	386	12	-0.35843	0.98305	0.99973	1.0	967	2	-0.35843
R158S	30	0.051525	0.98634	1.0	387	15	-0.40459	0.033772	0.30226	0.94131	376	10	-0.40459
L257TfsTer7	26	0.051559	0.97657	1.0	388	14	-0.46069	0.89899	0.99496	1.0	857	4	-0.46069
V218_P219insRG	30	0.052005	0.98634	1.0	389	15	-0.37017	0.99994	1.0	1.0	1082	2	-0.37017
I254N	30	0.052333	0.98635	1.0	390	14	-0.53672	0.23375	0.7294	1.0	528	7	-0.53672
D281H	27	0.052765	0.97835	1.0	391	12	-0.43659	0.32036	0.80093	1.0	569	4	-0.43659
T155SfsTer28	17	0.05311	0.91433	1.0	392	10	-0.49157	0.97961	0.99826	1.0	962	2	-0.49157
Y220MfsTer27	29	0.053124	0.98337	1.0	393	12	-0.21966	0.88177	0.99545	1.0	843	7	-0.21966
R248P	24	0.053719	0.97363	1.0	394	13	-0.4442	0.99496	0.99987	1.0	1001	2	-0.4442
P152AfsTer14	15	0.055318	0.89134	1.0	395	7	-0.060423	0.50519	0.82657	1.0	652	5	-0.060423
T155I	26	0.056783	0.97908	1.0	396	14	-0.4271	0.99192	0.99974	1.0	984	4	-0.4271
I251F	21	0.058489	0.96213	1.0	397	10	-0.35873	0.15333	0.55294	1.0	476	5	-0.35873
F113V	30	0.060372	0.9888	1.0	398	12	-0.42523	0.99971	1.0	1.0	1055	2	-0.42523
P153S	26	0.061006	0.98313	1.0	399	12	-0.47596	0.87099	0.99298	1.0	836	4	-0.47596
L130F	10	0.061497	0.84107	1.0	400	2	0.73137	0.05658	0.19172	0.645287	409	6	0.73137
Y234C	18	0.061577	0.93213	1.0	401	10	-0.3742	0.84233	0.97627	1.0	814	4	-0.3742
E271Q	29	0.062964	0.98643	1.0	402	9	0.38752	0.048241	0.34242	1.0	400	14	0.38752
A159PfsTer12	30	0.064178	0.9888	1.0	403	15	-0.5159	0.21875	0.7294	1.0	519	9	-0.5159
H296D	28	0.067803	0.98763	1.0	404	9	0.12313	0.28892	0.78307	1.0	564	10	0.12313
L111VfsTer40	21	0.068777	0.96685	1.0	405	11	-0.59845	0.966	0.99795	1.0	934	1	-0.59845
Q165K	6	0.068807	0.64768	1.0	406	4	-0.92809	0.86753	0.91588	1.0	833	1	-0.92809
I232M	28	0.070572	0.99021	1.0	407	12	-0.23371	0.70549	0.97688	1.0	736	6	-0.23371
Q167HfsTer3	2	0.071086	0.42043	1.0	408	2	-0.90961	0.92891	0.89102	1.0	882	0	-0.90961
Y220D	28	0.073255	0.99021	1.0	409	14	-0.51597	1.0	1.0	1.0	1121	0	-0.51597
A364T	8	0.073865	0.78565	1.0	410	5	-0.69742	0.7682	0.90141	1.0	765	1	-0.69742
H214D	11	0.074471	0.87973	1.0	411	6	-0.90234	0.3666	0.72856	1.0	590	3	-0.90234
P8L	27	0.074687	0.99193	1.0	412	13	-0.51971	0.97326	0.99942	1.0	944	4	-0.51971
K139Q	18	0.078916	0.94639	1.0	413	10	-0.34063	0.91225	0.99361	1.0	868	2	-0.34063
P153H	23	0.079551	0.97736	1.0	414	12	-0.48669	0.97869	0.99908	1.0	960	2	-0.48669
R280K	30	0.079795	0.99014	1.0	415	15	-0.57266	0.93151	0.99812	1.0	885	3	-0.57266
I251N	18	0.079801	0.94639	1.0	416	10	-0.56955	0.2203	0.63577	1.0	520	4	-0.56955
R156PfsTer25	25	0.081133	0.98662	1.0	417	13	-0.51194	0.94372	0.997	1.0	896	2	-0.51194
R333P	30	0.081243	0.99015	1.0	418	14	-0.35524	0.9623	0.99911	1.0	930	3	-0.35524
E339DfsTer10	6	0.082451	0.64768	1.0	419	4	-1.0125	0.95607	0.93647	1.0	915	0	-1.0125
Q165H	6	0.084286	0.64768	1.0	420	2	-0.31441	0.97541	0.95422	1.0	952	0	-0.31441
A159V	30	0.084627	0.99235	1.0	421	15	-0.52419	0.93127	0.99812	1.0	883	6	-0.52419
Y163H	23	0.08565	0.97736	1.0	422	12	-0.33422	0.73624	0.97167	1.0	747	7	-0.33422
P278S	26	0.085903	0.98948	1.0	423	13	-0.53181	0.9936	0.99974	1.0	994	3	-0.53181
Q167H	2	0.087655	0.4642	1.0	424	2	-0.99159	0.91235	0.89101	1.0	869	0	-0.99159
N131S	5	0.087815	0.59521	1.0	425	1	-0.27082	0.56511	0.70882	1.0	674	2	-0.27082
G244NfsTer390	21	0.090585	0.96935	1.0	426	10	-0.33325	0.73247	0.96305	1.0	745	6	-0.33325
I162S	26	0.090761	0.98948	1.0	427	12	-0.42524	0.55876	0.93768	1.0	671	4	-0.42524
K164R	6	0.09156	0.64768	1.0	428	2	-0.032935	0.89706	0.91588	1.0	855	1	-0.032935
P152Q	15	0.092857	0.94196	1.0	429	8	-0.33725	0.91784	0.98928	1.0	874	3	-0.33725
R342Q	27	0.093386	0.99212	1.0	430	12	-0.34416	0.24915	0.73907	1.0	536	7	-0.34416
C242C	21	0.094558	0.9727	1.0	431	9	-0.15438	0.013467	0.11687	0.431931	333	10	-0.15438
V218PfsTer392	29	0.094638	0.9949	1.0	432	14	-0.35976	0.95338	0.99905	1.0	910	6	-0.35976
L257SfsTer8	21	0.09642	0.9727	1.0	433	8	0.23249	0.19306	0.61462	1.0	506	8	0.23249
D281E	24	0.096709	0.98267	1.0	434	10	-0.1892	0.87456	0.99087	1.0	839	5	-0.1892
V157F	30	0.097387	0.99612	1.0	435	12	-0.25854	0.9529	0.99812	1.0	908	5	-0.25854
N235YfsTer392	5	0.097473	0.63832	1.0	436	3	-0.19808	0.82162	0.87082	1.0	795	1	-0.19808
P219R	28	0.097549	0.99367	1.0	437	14	-0.37853	0.98846	0.99979	1.0	976	3	-0.37853
Y163Ter	8	0.098096	0.78565	1.0	438	4	-0.63379	0.9765	0.97439	1.0	956	0	-0.63379
Y234N	17	0.098719	0.95248	1.0	439	9	-0.30026	0.93148	0.99035	1.0	884	3	-0.30026
V147G	15	0.098748	0.94197	1.0	440	8	-0.56817	0.99978	0.99953	1.0	1061	0	-0.56817
P80LfsTer43	9	0.10068	0.83623	1.0	441	5	-0.87841	0.87125	0.96824	1.0	837	2	-0.87841
G154A	24	0.10156	0.98581	1.0	442	12	-0.33725	0.95226	0.99798	1.0	907	4	-0.33725
P153L	23	0.1024	0.98228	1.0	443	11	-0.48817	0.98895	0.99962	1.0	978	2	-0.48817
F113C	30	0.10318	0.99612	1.0	444	13	-0.46951	0.99995	1.0	1.0	1085	2	-0.46951
H214R	14	0.10373	0.9429	1.0	445	7	-0.6165	0.42736	0.78592	1.0	624	4	-0.6165
R333C	30	0.10493	0.99612	1.0	446	14	-0.46226	0.99736	0.99995	1.0	1019	3	-0.46226
V143AfsTer5	18	0.10516	0.95465	1.0	447	6	-0.086627	0.33027	0.73803	1.0	575	7	-0.086627
F341C	27	0.10535	0.99212	1.0	448	13	-0.44687	0.34264	0.82173	1.0	578	7	-0.44687
Q354Ter	18	0.10637	0.95465	1.0	449	9	-0.37362	0.99819	0.9995	1.0	1026	1	-0.37362
Y220N	28	0.10708	0.99384	1.0	450	14	-0.42374	0.94844	0.99849	1.0	903	5	-0.42374
A161D	26	0.10936	0.98949	1.0	451	13	-0.45522	0.81607	0.98888	1.0	792	4	-0.45522
W91Ter	3	0.11002	0.61433	1.0	452	2	-1.1796	0.89579	0.91854	1.0	854	0	-1.1796
Q354Q	18	0.11193	0.95465	1.0	453	9	-0.37758	0.9979	0.9995	1.0	1021	1	-0.37758
K164SfsTer5	6	0.11226	0.68367	1.0	454	4	-0.84121	0.98966	0.99359	1.0	980	0	-0.84121
L252F	25	0.11499	0.98982	1.0	455	8	0.0096779	0.061918	0.36123	1.0	414	8	0.0096779
S90S	2	0.11527	0.4642	1.0	456	2	-0.67731	0.88473	0.89101	1.0	846	0	-0.67731
K139Ter	18	0.11666	0.96331	1.0	457	9	-0.40499	0.99958	0.99974	1.0	1050	1	-0.40499
F341Y	27	0.1169	0.99213	1.0	458	12	-0.35844	0.091144	0.46376	1.0	438	7	-0.35844
N235D	6	0.11927	0.68367	1.0	459	4	-0.56968	0.86352	0.91588	1.0	827	1	-0.56968
P82LfsTer69	20	0.12008	0.9724	1.0	460	10	-0.41644	0.1037	0.49579	1.0	446	4	-0.41644
S241Y	21	0.12384	0.97846	1.0	461	7	0.52385	1.9802e-05	0.0011741	0.007663	189	10	0.52385
S362R	4	0.12418	0.60414	1.0	462	2	-0.69719	0.42364	0.60146	1.0	620	1	-0.69719
P278_G279insCLCLS	24	0.12486	0.98852	1.0	463	12	-0.49683	0.9981	0.99992	1.0	1023	2	-0.49683
L114L	30	0.12662	0.99622	1.0	464	14	-0.49885	0.99955	1.0	1.0	1049	3	-0.49885
G266R	2	0.13307	0.4642	1.0	465	2	-1.4291	0.86693	0.89101	1.0	832	0	-1.4291
D7N	27	0.13537	0.99277	1.0	466	11	-0.19704	0.63972	0.95668	1.0	704	4	-0.19704
I254T	30	0.13753	0.99623	1.0	467	14	-0.24387	0.24149	0.73414	1.0	533	10	-0.24387
V157D	30	0.14028	0.99623	1.0	468	14	-0.40462	0.40291	0.8802	1.0	607	6	-0.40462
R283L	22	0.14244	0.98425	1.0	469	11	-0.43748	0.54048	0.92244	1.0	666	6	-0.43748
F134S	14	0.14269	0.95294	1.0	470	4	1.5813	1.8659e-07	1.2104e-05	0.000152	113	9	1.5813
T253N	30	0.1487	0.99623	1.0	471	13	-0.32451	0.97142	0.99924	1.0	939	5	-0.32451
S166Ter	4	0.15012	0.7226	1.0	472	2	-0.75168	0.86686	0.83959	1.0	830	0	-0.75168
T256P	18	0.15451	0.98393	1.0	473	8	-0.47048	0.53382	0.89912	1.0	662	6	-0.47048
P151A	12	0.16363	0.92887	1.0	474	5	-0.48987	0.81352	0.96009	1.0	790	2	-0.48987
P89L	3	0.16834	0.61433	1.0	475	2	-0.89787	0.87601	0.87587	1.0	840	0	-0.89787
T284P	21	0.16898	0.9881	1.0	476	8	-0.20657	0.68904	0.95741	1.0	726	5	-0.20657
T125A	28	0.17142	0.9967	1.0	477	10	-0.26005	0.94804	0.99849	1.0	901	5	-0.26005
H214Q	16	0.1726	0.9741	1.0	478	8	-0.49385	0.58525	0.91583	1.0	678	4	-0.49385
M160IfsTer391	21	0.174	0.99069	1.0	479	8	0.27955	0.042895	0.25014	0.803471	391	8	0.27955
C141_P142insL	12	0.17441	0.92887	1.0	480	6	-0.44528	0.087627	0.32797	1.0	436	2	-0.44528
N131T	5	0.17639	0.80382	1.0	481	2	0.52222	0.18827	0.38851	1.0	499	2	0.52222
C124AfsTer46	17	0.1766	0.9786	1.0	482	7	-0.34365	0.97195	0.99755	1.0	941	1	-0.34365
T155N	24	0.17701	0.99108	1.0	483	11	-0.29467	0.5342	0.91698	1.0	663	4	-0.29467
V157I	29	0.17814	0.99663	1.0	484	11	-0.2326	0.60089	0.95978	1.0	687	8	-0.2326
Y220S	29	0.17835	0.99663	1.0	485	10	-0.058677	0.9572	0.99914	1.0	917	6	-0.058677
P219L	29	0.18445	0.9974	1.0	486	13	-0.19808	0.82662	0.989	1.0	798	7	-0.19808
H168P	2	0.18489	0.50809	1.0	487	1	-1.0623	0.81827	0.84269	1.0	793	0	-1.0623
I255N	15	0.18616	0.96485	1.0	488	7	-0.45232	0.99923	0.99891	1.0	1040	0	-0.45232
H115SfsTer34	28	0.1869	0.9967	1.0	489	12	-0.37229	0.95952	0.99867	1.0	924	4	-0.37229
Q136E	5	0.18799	0.80382	1.0	490	2	0.019435	0.81136	0.87082	1.0	788	1	0.019435
R282P	24	0.18811	0.99298	1.0	491	11	-0.24231	0.55099	0.93957	1.0	668	5	-0.24231
K164E	8	0.18849	0.85708	1.0	492	4	-0.33566	0.9577	0.97438	1.0	921	1	-0.33566
V157AfsTer391	30	0.19077	0.99766	1.0	493	13	-0.30253	0.94405	0.99812	1.0	897	5	-0.30253
I251S	18	0.19141	0.98394	1.0	494	8	-0.42729	0.80271	0.97331	1.0	786	5	-0.42729
R342EfsTer3	21	0.19161	0.99335	1.0	495	10	-0.51001	0.44775	0.89633	1.0	628	2	-0.51001
P152R	12	0.19185	0.92887	1.0	496	6	-0.49566	0.18789	0.50978	1.0	498	4	-0.49566
L35CfsTer9	30	0.19547	0.99766	1.0	497	10	-0.1656	0.030028	0.295	0.928116	369	10	-0.1656
C141Ter	14	0.2009	0.9615	1.0	498	7	-0.3314	0.97618	0.99588	1.0	955	2	-0.3314
H214L	13	0.20108	0.94732	1.0	499	3	0.49968	0.1181	0.40335	1.0	453	7	0.49968
K139N	17	0.21139	0.97998	1.0	500	7	-0.26653	0.99696	0.99921	1.0	1012	1	-0.26653
A138V	19	0.21243	0.98788	1.0	501	7	-0.16775	0.9995	0.99982	1.0	1046	1	-0.16775
K164Ter	8	0.21308	0.88208	1.0	502	4	-0.55884	0.95112	0.96316	1.0	905	1	-0.55884
P80A	12	0.21647	0.92887	1.0	503	6	-0.35404	0.22678	0.57742	1.0	526	3	-0.35404
C242R	21	0.21695	0.99335	1.0	504	6	0.82648	3.0168e-08	4.0346e-06	5.6e-05	93	12	0.82648
A138P	19	0.22153	0.98788	1.0	505	7	-0.25862	0.99974	0.99983	1.0	1059	0	-0.25862
T284S	21	0.22911	0.99335	1.0	506	8	-0.29618	0.77751	0.97502	1.0	774	6	-0.29618
P8S	27	0.23467	0.99745	1.0	507	12	-0.47683	0.98648	0.99973	1.0	973	4	-0.47683
M160PfsTer9	3	0.23609	0.61434	1.0	508	1	-0.1276	0.26051	0.38526	1.0	542	1	-0.1276
L252P	30	0.23667	0.99852	1.0	509	12	-0.11906	0.13145	0.60474	1.0	464	10	-0.11906
V217G	28	0.23862	0.99745	1.0	510	8	0.012686	0.64775	0.96418	1.0	710	9	0.012686
L111KfsTer14	22	0.2395	0.99504	1.0	511	9	-0.27963	0.99399	0.99975	1.0	998	1	-0.27963
P190T	30	0.23982	0.99852	1.0	512	10	-0.035393	0.18063	0.70357	1.0	492	8	-0.035393
P152HfsTer30	11	0.24118	0.9321	1.0	513	4	0.012769	0.92093	0.98621	1.0	876	2	0.012769
V143CfsTer27	13	0.24625	0.94733	1.0	514	5	-0.1342	0.18187	0.44331	1.0	493	5	-0.1342
L114FfsTer35	29	0.24775	0.99784	1.0	515	11	-0.38449	0.9963	0.99992	1.0	1008	3	-0.38449
Q136Ter	5	0.25172	0.80382	1.0	516	3	-0.28809	0.19386	0.38852	1.0	508	2	-0.28809
H214IfsTer33	7	0.25378	0.89822	1.0	517	3	-0.42806	0.97242	0.96035	1.0	942	0	-0.42806
I254F	30	0.25589	0.99853	1.0	518	11	-0.02028	0.22321	0.7294	1.0	522	9	-0.02028
I254S	30	0.25865	0.99853	1.0	519	13	-0.30285	0.21829	0.72939	1.0	518	7	-0.30285
R110L	19	0.25892	0.98872	1.0	520	7	-0.093412	0.83242	0.98006	1.0	808	5	-0.093412
T102_Y102del	12	0.26419	0.94784	1.0	521	4	1.0834	0.0042538	0.048436	0.211497	290	7	1.0834
A159P	30	0.26784	0.99853	1.0	522	8	0.099155	0.050462	0.39091	1.0	404	14	0.099155
K164Q	8	0.26876	0.92923	1.0	523	4	-0.54718	0.9632	0.97438	1.0	932	1	-0.54718
P222L	30	0.27203	0.99877	1.0	524	13	-0.34605	0.51769	0.92006	1.0	655	8	-0.34605
P219AfsTer3	30	0.27763	0.99907	1.0	525	11	-0.27019	0.76577	0.98566	1.0	763	9	-0.27019
I232N	27	0.27879	0.99887	1.0	526	9	-0.049358	0.66528	0.97141	1.0	717	8	-0.049358
K164N	6	0.27957	0.85836	1.0	527	3	-0.36934	0.90486	0.93647	1.0	863	1	-0.36934
V216L	28	0.27974	0.99896	1.0	528	6	0.29643	0.12704	0.59446	1.0	461	12	0.29643
C141Y	16	0.28067	0.97947	1.0	529	7	-0.44273	0.32824	0.70303	1.0	574	3	-0.44273
E339K	30	0.28252	0.99907	1.0	530	12	-0.37271	0.34863	0.83362	1.0	582	7	-0.37271
C229Ter	25	0.28422	0.99811	1.0	531	11	-0.20833	0.92661	0.99667	1.0	879	5	-0.20833
A138A	19	0.28641	0.98872	1.0	532	8	-0.2496	0.97394	0.99812	1.0	945	3	-0.2496
P152_P152del	14	0.28665	0.96687	1.0	533	5	-0.20022	0.94817	0.99251	1.0	902	2	-0.20022
Y220Ter	30	0.28698	0.99908	1.0	534	12	-0.15154	0.96231	0.99911	1.0	931	5	-0.15154
M40I	30	0.2872	0.99908	1.0	535	11	-0.31433	0.99705	0.99993	1.0	1013	4	-0.31433
G226D	21	0.29212	0.99411	1.0	536	7	-0.089475	0.43138	0.89003	1.0	625	7	-0.089475
P219H	27	0.2924	0.99888	1.0	537	11	-0.37672	0.91572	0.99636	1.0	873	4	-0.37672
K382K	3	0.29318	0.70344	1.0	538	2	-0.58109	0.74241	0.74811	1.0	750	0	-0.58109
E343Ter	24	0.29406	0.99772	1.0	539	8	0.26552	0.27267	0.75298	1.0	551	10	0.26552
P191S	30	0.2948	0.99908	1.0	540	11	-0.091433	0.41215	0.8802	1.0	611	11	-0.091433
M160SfsTer12	28	0.29503	0.99896	1.0	541	8	0.628	0.00050816	0.023913	0.113727	236	14	0.628
F338F	27	0.29736	0.99888	1.0	542	11	-0.43512	0.98215	0.99972	1.0	966	4	-0.43512
T230T	26	0.29811	0.99875	1.0	543	11	-0.24706	0.99304	0.99974	1.0	991	2	-0.24706
R110H	19	0.30049	0.98872	1.0	544	7	-0.13387	0.62787	0.93154	1.0	699	6	-0.13387
I254_I255insH	27	0.30134	0.99888	1.0	545	10	-0.26593	0.24016	0.73906	1.0	532	9	-0.26593
V10V	27	0.30498	0.99888	1.0	546	11	-0.30468	0.55907	0.94419	1.0	672	9	-0.30468
R342QfsTer3	3	0.30512	0.70344	1.0	547	1	-0.023316	0.82053	0.78574	1.0	794	0	-0.023316
R342VfsTer11	3	0.30654	0.70344	1.0	548	2	-0.52179	0.84218	0.78575	1.0	813	0	-0.52179
E221K	29	0.30719	0.99923	1.0	549	12	-0.20143	0.84965	0.98901	1.0	819	8	-0.20143
I251M	18	0.3076	0.98871	1.0	550	8	-0.45224	0.68957	0.95369	1.0	727	2	-0.45224
K164SfsTer6	6	0.31104	0.85836	1.0	551	3	-0.52934	0.82845	0.91587	1.0	803	1	-0.52934
A138T	19	0.31287	0.98872	1.0	552	8	-0.27372	0.99984	0.99983	1.0	1068	0	-0.27372
G105D	15	0.3178	0.97967	1.0	553	5	0.43338	0.0036778	0.032911	0.150676	284	7	0.43338
L114IfsTer35	30	0.32245	0.99945	1.0	554	12	-0.28648	0.99967	1.0	1.0	1052	3	-0.28648
L137V	18	0.32528	0.98872	1.0	555	8	-0.25456	0.99868	0.9995	1.0	1032	1	-0.25456
Q354L	18	0.32681	0.98872	1.0	556	7	-0.32585	0.99247	0.99925	1.0	987	2	-0.32585
R156P	20	0.33163	0.99171	1.0	557	7	0.03674	0.75543	0.96616	1.0	757	2	0.03674
Q136PfsTer13	6	0.33995	0.85837	1.0	558	1	0.15193	0.017896	0.087201	0.344067	347	2	0.15193
P190S	30	0.34095	0.99945	1.0	559	6	0.12957	0.15498	0.62721	1.0	478	11	0.12957
E339AfsTer8	24	0.34239	0.99773	1.0	560	9	-0.39124	0.94084	0.99612	1.0	890	3	-0.39124
L344Q	12	0.34439	0.97123	1.0	561	5	0.70763	0.019762	0.13439	0.483595	349	6	0.70763
S215T	28	0.34506	0.99921	1.0	562	6	0.16916	0.6632	0.9651	1.0	716	9	0.16916
P223T	30	0.34684	0.99946	1.0	563	10	-0.2025	0.74568	0.98017	1.0	752	5	-0.2025
G105AfsTer18	15	0.34741	0.97967	1.0	564	3	0.70666	0.010954	0.099442	0.381126	321	8	0.70666
Y234Ter	2	0.34839	0.55256	1.0	565	1	-0.14634	0.52251	0.56048	1.0	658	1	-0.14634
R282_R283insERK	21	0.34933	0.99412	1.0	566	7	-0.27529	0.87414	0.9905	1.0	838	5	-0.27529
S90PfsTer33	3	0.34978	0.70344	1.0	567	1	-0.022834	0.79017	0.74812	1.0	780	0	-0.022834
D42D	29	0.35098	0.99924	1.0	568	12	-0.31817	0.62857	0.96468	1.0	700	7	-0.31817
L111M	21	0.35137	0.99412	1.0	569	8	-0.075931	0.77559	0.97501	1.0	773	4	-0.075931
S240C	18	0.35522	0.99031	1.0	570	4	1.2501	2.123e-08	1.2104e-05	0.000152	89	14	1.2501
T256_L257insQ	24	0.35616	0.99773	1.0	571	9	0.055283	0.19192	0.67758	1.0	502	10	0.055283
N235S	5	0.35702	0.80382	1.0	572	2	-0.17574	0.59424	0.76286	1.0	680	1	-0.17574
R110_L111insP	18	0.35739	0.99031	1.0	573	5	-0.19592	0.89469	0.99057	1.0	853	4	-0.19592
E339Ter	30	0.358	0.99946	1.0	574	10	-0.2596	0.449	0.88021	1.0	630	6	-0.2596
L130R	10	0.35809	0.96506	1.0	575	2	0.32654	0.15466	0.39512	1.0	477	5	0.32654
Q167AfsTer13	4	0.35879	0.80156	1.0	576	1	-0.13815	0.89884	0.87024	1.0	856	0	-0.13815
L252IfsTer391	1	0.36519	0.33388	1.0	577	1	-0.60576	0.63481	0.66612	1.0	701	0	-0.60576
E343SfsTer2	24	0.36754	0.99797	1.0	578	9	-0.33938	0.38314	0.84068	1.0	599	5	-0.33938
V143G	16	0.37093	0.98537	1.0	579	6	-0.34454	0.3842	0.81365	1.0	600	2	-0.34454
T211A	12	0.37235	0.98258	1.0	580	1	1.216	2.8382e-05	0.00035101	0.002692	195	11	1.216
V218L	29	0.37245	0.99937	1.0	581	11	-0.17352	0.90017	0.99676	1.0	859	7	-0.17352
S241A	18	0.37654	0.99198	1.0	582	6	1.1128	0.00019653	0.0076134	0.040972	225	11	1.1128
T140I	17	0.38015	0.98878	1.0	583	6	-0.079052	0.58409	0.88771	1.0	677	6	-0.079052
H233D	28	0.38261	0.99921	1.0	584	9	-0.18506	0.8918	0.99543	1.0	849	7	-0.18506
A70V	23	0.38825	0.99697	1.0	585	8	-0.010316	0.53274	0.93453	1.0	661	8	-0.010316
R342P	27	0.38985	0.99926	1.0	586	10	-0.23577	0.09884	0.47674	1.0	444	6	-0.23577
P142LfsTer7	13	0.39749	0.9854	1.0	587	4	-0.15456	0.22279	0.5825	1.0	521	3	-0.15456
G154D	25	0.39847	0.99828	1.0	588	10	-0.19808	0.95767	0.99862	1.0	920	4	-0.19808
C141R	17	0.40027	0.98879	1.0	589	5	0.24202	0.37696	0.82626	1.0	595	6	0.24202
C242S	30	0.40367	0.99961	1.0	590	8	0.30521	0.0063011	0.11354	0.420882	306	14	0.30521
A161S	28	0.40372	0.99921	1.0	591	9	0.21292	0.68208	0.96901	1.0	724	9	0.21292
H168L	2	0.40447	0.55256	1.0	592	1	-0.23669	0.60029	0.60262	1.0	686	0	-0.23669
I255F	30	0.40565	0.99961	1.0	593	9	0.3866	0.050339	0.39091	1.0	403	15	0.3866
C238G	9	0.4059	0.95047	1.0	594	4	-0.051382	0.043284	0.16729	0.578427	392	4	-0.051382
T18HfsTer26	10	0.4075	0.96506	1.0	595	4	-0.19667	0.7677	0.93438	1.0	764	2	-0.19667
G154S	25	0.41372	0.99829	1.0	596	8	-0.14348	0.4724	0.87529	1.0	636	4	-0.14348
K120R	30	0.41795	0.99961	1.0	597	9	0.087502	0.28365	0.78869	1.0	559	7	0.087502
Y236H	6	0.41854	0.85837	1.0	598	2	0.23716	0.11466	0.28812	0.911134	451	2	0.23716
C124R	23	0.42071	0.99753	1.0	599	9	-0.19808	0.90826	0.99421	1.0	865	5	-0.19808
S240G	18	0.42197	0.99199	1.0	600	4	1.2241	6.3928e-07	9.2797e-05	0.000856	130	11	1.2241
E62E	23	0.42987	0.99753	1.0	601	5	0.37362	0.24839	0.70902	1.0	535	10	0.37362
H115RfsTer34	28	0.43023	0.99921	1.0	602	11	-0.20717	0.99923	0.99998	1.0	1041	3	-0.20717
V143E	16	0.436	0.99294	1.0	603	6	-0.12985	0.26493	0.6361	1.0	545	3	-0.12985
L130SfsTer40	9	0.44033	0.95048	1.0	604	3	0.18476	0.12426	0.31268	0.966394	455	4	0.18476
C141G	17	0.44654	0.99356	1.0	605	6	-0.025672	0.8668	0.98365	1.0	829	3	-0.025672
A347T	30	0.45026	0.99962	1.0	606	2	0.55018	8.9087e-05	0.0087511	0.046283	214	21	0.55018
Y234Y	3	0.45108	0.70344	1.0	607	1	0.36486	0.61144	0.7084	1.0	690	1	0.36486
Y236C	6	0.45363	0.88528	1.0	608	2	-0.14088	0.16831	0.44196	1.0	485	1	-0.14088
P142P	18	0.45618	0.99199	1.0	609	6	-0.17569	0.9932	0.99925	1.0	992	2	-0.17569
A74GfsTer50	26	0.45802	0.99904	1.0	610	9	-0.12135	0.71899	0.97104	1.0	741	8	-0.12135
Y126C	30	0.45956	0.99962	1.0	611	11	-0.11171	0.77027	0.98566	1.0	766	7	-0.11171
M66L	12	0.45973	0.98258	1.0	612	4	-0.19261	0.40853	0.78475	1.0	609	3	-0.19261
M237V	9	0.46343	0.95048	1.0	613	2	0.263	0.0025748	0.021291	0.104495	275	3	0.263
C242G	21	0.4658	0.99724	1.0	614	5	0.57268	0.00092793	0.016828	0.085218	247	11	0.57268
P219VfsTer30	28	0.46682	0.99927	1.0	615	10	-0.33792	0.99595	0.99992	1.0	1007	4	-0.33792
I255TfsTer90	3	0.47079	0.70344	1.0	616	1	-0.23886	0.79443	0.74812	1.0	783	0	-0.23886
Q144L	8	0.47442	0.92924	1.0	617	2	-0.1792	0.36267	0.64971	1.0	586	1	-0.1792
C242Y	30	0.4746	0.99962	1.0	618	11	-0.083812	0.00055472	0.023913	0.113727	239	11	-0.083812
R158C	30	0.47489	0.99962	1.0	619	10	-0.076947	0.04551	0.39027	1.0	398	8	-0.076947
S116C	30	0.4759	0.99962	1.0	620	10	-0.14835	0.9513	0.99812	1.0	906	6	-0.14835
P219S	28	0.4797	0.9994	1.0	621	10	0.077949	0.50055	0.88943	1.0	648	10	0.077949
H214QfsTer7	15	0.47972	0.99439	1.0	622	6	-0.096066	0.61606	0.91912	1.0	693	4	-0.096066
I232S	27	0.48014	0.99946	1.0	623	8	-0.097328	0.39333	0.85362	1.0	606	9	-0.097328
E17Ter	10	0.48094	0.96506	1.0	624	4	0.14347	0.24734	0.60119	1.0	534	5	0.14347
D42H	30	0.48161	0.99962	1.0	625	9	0.084516	0.49316	0.91463	1.0	647	11	0.084516
V122DfsTer26	18	0.48171	0.99524	1.0	626	4	0.31158	0.42642	0.86	1.0	621	7	0.31158
F341S	27	0.48703	0.99946	1.0	627	9	-0.076775	0.16952	0.66592	1.0	486	8	-0.076775
L114SfsTer10	3	0.48799	0.70344	1.0	628	1	0.14713	0.70919	0.74811	1.0	739	1	0.14713
T118T	28	0.4885	0.9994	1.0	629	10	-0.25835	0.98938	0.99979	1.0	979	3	-0.25835
M160IfsTer20	2	0.48851	0.55256	1.0	630	1	-0.68813	0.84298	0.89101	1.0	815	0	-0.68813
H115Y	30	0.49054	0.99962	1.0	631	10	0.11819	0.6469	0.97154	1.0	709	10	0.11819
P80S	10	0.49077	0.96506	1.0	632	4	-0.070991	0.2121	0.48556	1.0	516	1	-0.070991
E294E	29	0.49195	0.99952	1.0	633	7	0.62489	0.0022699	0.071716	0.289457	268	18	0.62489
R213G	11	0.49281	0.97604	1.0	634	4	1.5092	0.001416	0.016038	0.081993	257	6	1.5092
R283G	22	0.4948	0.99778	1.0	635	8	-0.031799	0.67636	0.96217	1.0	722	6	-0.031799
T256K	30	0.4954	0.99962	1.0	636	9	-0.23601	0.99978	1.0	1.0	1062	2	-0.23601
V217A	29	0.49563	0.99952	1.0	637	8	-0.01022	0.67612	0.97083	1.0	721	9	-0.01022
R110LfsTer13	18	0.49797	0.99715	1.0	638	7	-0.013214	0.64482	0.91897	1.0	707	6	-0.013214
Q144H	5	0.50128	0.86983	1.0	639	2	-0.13624	0.81323	0.87082	1.0	789	1	-0.13624
Y236N	6	0.50596	0.91187	1.0	640	2	0.4398	0.23771	0.44197	1.0	530	3	0.4398
P34L	30	0.50696	0.99964	1.0	641	9	0.061156	0.009167	0.13895	0.492746	316	12	0.061156
R342Ter	27	0.51133	0.99958	1.0	642	10	-0.23959	0.25179	0.73907	1.0	538	6	-0.23959
Y236S	6	0.51185	0.91187	1.0	643	2	0.57346	0.22392	0.44197	1.0	523	3	0.57346
K139RfsTer31	15	0.51305	0.99439	1.0	644	3	0.41507	0.18994	0.54692	1.0	501	7	0.41507
S241T	18	0.52075	0.99715	1.0	645	4	1.1247	2.5391e-08	1.2104e-05	0.000152	92	13	1.1247
P152L	16	0.52221	0.99612	1.0	646	6	-0.09288	0.6585	0.93906	1.0	715	3	-0.09288
R213Ter	11	0.52238	0.97604	1.0	647	4	0.96151	0.032959	0.18142	0.620053	374	6	0.96151
G105R	15	0.52493	0.99439	1.0	648	2	0.62075	0.0056494	0.062049	0.257208	301	9	0.62075
A74RfsTer51	20	0.52588	0.99859	1.0	649	7	-0.14024	0.68185	0.94663	1.0	723	4	-0.14024
L130P	10	0.52726	0.96506	1.0	650	1	0.75107	0.023307	0.12811	0.466448	359	6	0.75107
C242F	30	0.52821	0.9998	1.0	651	10	0.047552	0.00091468	0.028755	0.135181	246	11	0.047552
T256_L257insE	24	0.52839	0.99893	1.0	652	9	0.39869	0.13967	0.59994	1.0	469	11	0.39869
Y220H	28	0.5292	0.99952	1.0	653	9	-0.06912	0.97402	0.99936	1.0	947	5	-0.06912
E346E	29	0.53038	0.99963	1.0	654	4	0.77247	2.3803e-05	0.0024167	0.014395	192	17	0.77247
S313AfsTer32	16	0.53402	0.99612	1.0	655	6	-0.2411	0.85507	0.97859	1.0	823	4	-0.2411
D42Y	30	0.54026	0.9998	1.0	656	7	0.066165	0.70582	0.977	1.0	737	9	0.066165
P142CfsTer6	17	0.5424	0.99626	1.0	657	5	0.0011055	0.48644	0.87048	1.0	645	5	0.0011055
G112WfsTer12	18	0.54302	0.99716	1.0	658	6	0.017516	0.39001	0.82966	1.0	601	7	0.017516
C141F	16	0.54382	0.99612	1.0	659	6	-0.15917	0.080216	0.36011	1.0	432	5	-0.15917
V218M	30	0.54407	0.9998	1.0	660	11	-0.068558	0.95631	0.99842	1.0	916	6	-0.068558
L114Ter	30	0.5466	0.9998	1.0	661	10	-0.30832	0.97744	0.99937	1.0	958	4	-0.30832
S33F	30	0.54806	0.9998	1.0	662	9	0.034182	0.03246	0.30226	0.94131	373	9	0.034182
R283H	22	0.5521	0.99878	1.0	663	7	-0.33654	0.41727	0.80763	1.0	614	7	-0.33654
T118QfsTer5	28	0.55212	0.99953	1.0	664	8	-0.0050777	0.83409	0.98563	1.0	809	7	-0.0050777
N268RfsTer4	30	0.55238	0.9998	1.0	665	2	0.76699	7.9963e-06	0.0012709	0.00814	174	22	0.76699
Q144Ter	8	0.55328	0.94468	1.0	666	3	0.086616	0.83181	0.94106	1.0	806	2	0.086616
S215N	28	0.5537	0.99953	1.0	667	9	0.10385	0.57862	0.95369	1.0	676	8	0.10385
K120Q	30	0.55545	0.9998	1.0	668	10	-0.083949	0.18198	0.72424	1.0	494	6	-0.083949
N235K	6	0.55565	0.91187	1.0	669	2	-0.035078	0.65824	0.83425	1.0	714	2	-0.035078
I232T	27	0.55817	0.9997	1.0	670	8	0.23425	0.28542	0.74664	1.0	560	11	0.23425
H214P	13	0.56125	0.98845	1.0	671	4	0.45267	0.078499	0.34923	1.0	430	6	0.45267
Y220C	30	0.56126	0.9998	1.0	672	11	-0.18529	0.91385	0.9974	1.0	871	7	-0.18529
S215I	28	0.57012	0.99953	1.0	673	7	0.22975	0.054076	0.3784	1.0	405	12	0.22975
L43Ter	60	0.57517	1.0	1.0	674	21	-0.14468	0.65636	0.98921	1.0	713	19	-0.14468
I254I	30	0.57658	0.99981	1.0	675	7	0.052677	0.44281	0.88021	1.0	626	11	0.052677
Q144P	8	0.57851	0.94469	1.0	676	2	-0.16106	0.76383	0.90141	1.0	760	1	-0.16106
T125K	29	0.58036	0.99964	1.0	677	10	-0.19778	0.9998	1.0	1.0	1063	2	-0.19778
D41N	30	0.58195	0.99981	1.0	678	9	-0.2695	0.97597	0.99937	1.0	954	6	-0.2695
T102T	12	0.58785	0.98259	1.0	679	3	0.63133	9.0839e-07	6.0519e-05	0.000589	139	6	0.63133
L111P	21	0.58836	0.99907	1.0	680	6	-0.23905	0.96041	0.99795	1.0	927	4	-0.23905
S227F	22	0.58881	0.99926	1.0	681	8	0.23238	0.3464	0.7678	1.0	580	9	0.23238
L137Q	20	0.58925	0.99875	1.0	682	5	-0.16405	0.082575	0.35208	1.0	433	3	-0.16405
L114CfsTer9	30	0.59323	0.99981	1.0	683	10	-0.16997	0.83643	0.99166	1.0	812	8	-0.16997
L111FfsTer14	18	0.59838	0.99808	1.0	684	6	-0.081305	0.47372	0.88002	1.0	638	3	-0.081305
L43F	30	0.59845	0.99981	1.0	685	5	0.60691	0.0065959	0.11354	0.420882	307	17	0.60691
C124Ter	29	0.59982	0.99964	1.0	686	10	-0.19808	0.99999	1.0	1.0	1109	1	-0.19808
I254M	30	0.60004	0.99981	1.0	687	7	0.12246	0.064553	0.45852	1.0	418	12	0.12246
S166S	4	0.60404	0.80156	1.0	688	1	-0.0093683	0.85946	0.83959	1.0	826	0	-0.0093683
C242Ter	30	0.60549	0.99981	1.0	689	10	-0.079506	0.23903	0.7294	1.0	531	6	-0.079506
Q38_A38del	30	0.60653	0.99981	1.0	690	8	0.018515	0.049599	0.39091	1.0	402	10	0.018515
L93V	3	0.60729	0.70345	1.0	691	1	0.82941	0.19194	0.30447	0.94577	503	2	0.82941
S127F	30	0.60786	0.99981	1.0	692	4	0.21045	0.18893	0.72424	1.0	500	13	0.21045
E221Ter	30	0.6087	0.99981	1.0	693	9	-0.080728	0.99438	0.99987	1.0	1000	4	-0.080728
S227Ter	22	0.60887	0.99932	1.0	694	4	0.21763	0.10432	0.45099	1.0	447	10	0.21763
R158G	29	0.60958	0.99981	1.0	695	9	-0.19993	0.67214	0.97082	1.0	719	7	-0.19993
F134C	15	0.61316	0.99439	1.0	696	3	0.6637	0.0010726	0.020306	0.101324	251	8	0.6637
R283P	22	0.61404	0.99932	1.0	697	7	0.0094991	0.64177	0.94173	1.0	706	7	0.0094991
L252IfsTer390	17	0.61429	0.99731	1.0	698	4	-0.21462	0.19312	0.57454	1.0	507	5	-0.21462
T231P	28	0.61544	0.99975	1.0	699	9	0.13527	0.69584	0.97687	1.0	733	8	0.13527
Y236D	6	0.61793	0.91187	1.0	700	2	0.53524	0.26886	0.4943	1.0	549	3	0.53524
S241F	21	0.61839	0.99908	1.0	701	6	0.18297	3.2427e-05	0.0012709	0.00814	196	10	0.18297
G105V	15	0.61985	0.9944	1.0	702	4	0.57872	0.0033626	0.032902	0.150676	282	9	0.57872
T125P	30	0.62029	0.99981	1.0	703	10	-0.26635	0.9981	0.99997	1.0	1024	3	-0.26635
A159_M160insTR	28	0.62414	0.99989	1.0	704	9	-0.28037	0.0047332	0.080051	0.318905	293	9	-0.28037
W146G	15	0.62522	0.9944	1.0	705	5	-0.13267	0.98049	0.99716	1.0	964	2	-0.13267
S15I	10	0.62723	0.9739	1.0	706	3	0.86185	0.041209	0.19171	0.645287	387	6	0.86185
H168R	2	0.62748	0.55256	1.0	707	0	-0.12391	0.68801	0.6434	1.0	725	0	-0.12391
P219Ter	29	0.62779	0.99982	1.0	708	9	0.063236	0.87813	0.99544	1.0	842	6	0.063236
C135G	14	0.6292	0.99197	1.0	709	3	1.1554	3.923e-06	0.00016542	0.001429	163	10	1.1554
C238W	12	0.63232	0.98259	1.0	710	3	0.90472	0.0039461	0.036001	0.162948	286	9	0.90472
E11K	27	0.63262	0.99991	1.0	711	9	-0.36975	0.9598	0.99842	1.0	926	4	-0.36975
T155P	23	0.63324	0.99963	1.0	712	8	-0.17741	0.3086	0.78513	1.0	567	7	-0.17741
L344R	12	0.63431	0.98259	1.0	713	4	0.10356	0.06661	0.28654	0.910853	420	5	0.10356
E343D	9	0.63744	0.97395	1.0	714	2	-0.20934	0.095374	0.31267	0.966394	440	4	-0.20934
R213HfsTer35	6	0.64074	0.91187	1.0	715	1	1.0865	0.034709	0.099708	0.381126	379	4	1.0865
E286Ter	27	0.64292	0.99991	1.0	716	9	0.14197	0.76017	0.98182	1.0	759	8	0.14197
G244A	30	0.64293	0.99992	1.0	717	7	0.17625	0.18672	0.72424	1.0	497	13	0.17625
L344M	9	0.64313	0.97395	1.0	718	2	0.40491	0.28046	0.63604	1.0	558	4	0.40491
P92S	2	0.64438	0.59598	1.0	719	0	-0.32253	0.79327	0.84268	1.0	782	0	-0.32253
I254TfsTer91	18	0.65379	0.99808	1.0	720	5	0.19084	0.072271	0.33666	1.0	426	7	0.19084
E349Ter	30	0.65451	0.99995	1.0	721	6	0.31955	0.098143	0.53899	1.0	441	14	0.31955
P190L	30	0.65718	0.99995	1.0	722	10	0.12056	0.22447	0.7294	1.0	524	12	0.12056
N131D	9	0.65757	0.97395	1.0	723	3	0.19472	0.59771	0.84912	1.0	684	2	0.19472
R213P	11	0.65816	0.9823	1.0	724	3	0.91588	0.029335	0.10761	0.40626	368	6	0.91588
Y236Ter	9	0.66077	0.97395	1.0	725	2	0.77603	0.080152	0.25383	0.813187	431	5	0.77603
E224D	30	0.66352	0.99996	1.0	726	8	0.11396	0.99017	0.99986	1.0	982	5	0.11396
F212V	14	0.67075	0.99197	1.0	727	2	0.86517	0.0085171	0.070667	0.286165	311	8	0.86517
G105A	15	0.6715	0.9944	1.0	728	3	0.4966	0.0013178	0.020314	0.101324	256	8	0.4966
A347P	30	0.67171	0.99999	1.0	729	4	1.0865	1.5486e-07	6.0519e-05	0.000589	111	22	1.0865
V217E	30	0.67398	0.99999	1.0	730	10	0.076541	0.48962	0.91462	1.0	646	11	0.076541
S127Y	30	0.67578	0.99999	1.0	731	8	0.3965	0.0484	0.39027	1.0	401	15	0.3965
K291N	24	0.67999	0.99962	1.0	732	2	1.0458	0.00016268	0.0068226	0.037539	219	17	1.0458
Q136P	18	0.68001	0.99808	1.0	733	6	-0.22598	0.50091	0.88003	1.0	649	2	-0.22598
L289F	27	0.68174	0.99992	1.0	734	7	0.48239	0.0023964	0.058474	0.244906	272	14	0.48239
Y103Ter	12	0.68194	0.98753	1.0	735	2	0.84159	0.0058112	0.049896	0.216335	305	9	0.84159
T102A	12	0.68283	0.98753	1.0	736	4	0.51147	0.02624	0.1344	0.483595	365	6	0.51147
P128S	30	0.68371	0.99999	1.0	737	7	0.18304	0.27683	0.78038	1.0	556	12	0.18304
N239S	12	0.69067	0.98753	1.0	738	3	1.614	2.2998e-05	0.00025418	0.002052	191	8	1.614
Y234S	17	0.69223	0.99732	1.0	739	5	-0.3112	0.28822	0.68429	1.0	562	5	-0.3112
F212Y	11	0.693	0.98231	1.0	740	2	1.3164	0.0029406	0.027343	0.129037	279	6	1.3164
G105C	15	0.69576	0.9944	1.0	741	4	0.19153	0.0043331	0.057683	0.244059	291	7	0.19153
S215R	28	0.69763	0.99994	1.0	742	9	0.029312	0.8111	0.98563	1.0	787	8	0.029312
L111Q	21	0.69779	0.99935	1.0	743	7	-0.23435	0.90636	0.99051	1.0	864	5	-0.23435
C141W	14	0.6981	0.99197	1.0	744	3	0.20632	0.51798	0.86574	1.0	656	5	0.20632
Y103C	12	0.69848	0.98753	1.0	745	4	0.27291	0.37994	0.77773	1.0	598	5	0.27291
Q317AfsTer19	19	0.69849	0.99855	1.0	746	3	0.83508	0.010411	0.10528	0.398713	319	12	0.83508
G244R	30	0.70166	0.99999	1.0	747	7	-0.016665	0.47901	0.91462	1.0	643	9	-0.016665
A189D	30	0.70278	0.99999	1.0	748	8	-0.18678	0.5262	0.92262	1.0	660	8	-0.18678
K351Ter	26	0.7056	0.99987	1.0	749	8	0.088882	0.47264	0.88663	1.0	637	9	0.088882
L289EfsTer58	23	0.70861	0.99964	1.0	750	7	0.070886	0.020977	0.20244	0.674976	353	10	0.070886
V218V	29	0.70863	0.99996	1.0	751	9	0.13777	0.28837	0.80478	1.0	563	11	0.13777
L348W	30	0.70966	0.99999	1.0	752	8	0.1562	0.025391	0.2377	0.765508	362	11	0.1562
P152T	14	0.70991	0.99197	1.0	753	4	0.36332	0.35438	0.76416	1.0	584	6	0.36332
T230P	27	0.71169	0.99992	1.0	754	9	-0.26495	0.94008	0.99816	1.0	889	6	-0.26495
P222P	30	0.71279	0.99999	1.0	755	7	-0.018476	0.4773	0.91462	1.0	642	11	-0.018476
E285Q	24	0.71317	0.99963	1.0	756	7	-0.10024	0.90904	0.99503	1.0	866	4	-0.10024
D42N	30	0.71686	0.99999	1.0	757	6	0.087386	0.26645	0.78037	1.0	547	12	0.087386
T231N	30	0.71708	0.99999	1.0	758	10	-0.16131	0.64095	0.96734	1.0	705	8	-0.16131
I232F	30	0.7175	0.99999	1.0	759	9	-0.10109	0.98791	0.99979	1.0	975	3	-0.10109
Q104Ter	12	0.71842	0.98754	1.0	760	3	0.6159	0.00022341	0.0026346	0.015467	227	6	0.6159
V157A	30	0.71897	0.99999	1.0	761	9	-0.19203	0.26519	0.78037	1.0	546	10	-0.19203
A70A	17	0.7202	0.99732	1.0	762	4	0.34021	0.37869	0.82626	1.0	596	7	0.34021
M237L	9	0.72059	0.97395	1.0	763	1	1.061	0.028548	0.13494	0.484121	366	5	1.061
G245R	29	0.72263	0.99996	1.0	764	7	-0.05137	0.99998	1.0	1.0	1102	1	-0.05137
P151_P152insHT	11	0.72424	0.98861	1.0	765	3	0.34854	0.55754	0.85023	1.0	670	4	0.34854
E68Ter	26	0.72667	0.99987	1.0	766	7	0.080338	0.57473	0.94156	1.0	675	8	0.080338
C229S	25	0.72708	0.99979	1.0	767	5	0.017384	0.82284	0.9856	1.0	796	7	0.017384
E285V	26	0.73037	0.99987	1.0	768	7	-0.05433	0.9322	0.99733	1.0	886	4	-0.05433
V216M	28	0.73173	0.99996	1.0	769	7	0.24616	0.37185	0.83044	1.0	592	11	0.24616
E68K	25	0.73384	0.99979	1.0	770	3	0.28545	0.42723	0.86639	1.0	623	9	0.28545
H214H	11	0.74002	0.98861	1.0	771	2	0.45367	0.24999	0.60112	1.0	537	5	0.45367
L344P	12	0.74307	0.99219	1.0	772	3	0.37657	0.078287	0.32797	1.0	429	5	0.37657
G226G	21	0.74351	0.99935	1.0	773	6	0.20593	0.32288	0.74084	1.0	570	8	0.20593
K291Ter	27	0.74412	0.99992	1.0	774	6	0.2136	0.022826	0.2309	0.757074	357	13	0.2136
V143A	16	0.74629	0.99613	1.0	775	4	0.11648	0.09818	0.40855	1.0	442	5	0.11648
T125R	29	0.74756	0.99996	1.0	776	7	-0.29493	0.99633	0.99992	1.0	1010	4	-0.29493
N239D	12	0.75085	0.99219	1.0	777	2	1.0774	0.0021559	0.016877	0.085218	264	8	1.0774
E286G	27	0.75092	0.99992	1.0	778	7	0.084267	0.44321	0.86806	1.0	627	7	0.084267
Q144GfsTer24	3	0.75534	0.70345	1.0	779	0	0.50847	0.20387	0.3483	1.0	512	2	0.50847
P222RfsTer25	29	0.75661	0.99996	1.0	780	7	0.0042942	0.17468	0.69202	1.0	487	10	0.0042942
F113_L114insS	3	0.75703	0.70345	1.0	781	0	-0.2837	0.83167	0.78575	1.0	805	0	-0.2837
E56KfsTer67	30	0.75765	0.99999	1.0	782	7	0.096837	0.10856	0.53899	1.0	449	12	0.096837
V225I	24	0.75964	0.99973	1.0	783	3	0.47913	0.0036676	0.059007	0.245427	283	15	0.47913
P278RfsTer72	3	0.76031	0.70345	1.0	784	0	-0.22174	0.77108	0.74812	1.0	768	0	-0.22174
D48Ter	30	0.76252	0.99999	1.0	785	7	0.1758	0.36026	0.83835	1.0	585	11	0.1758
L111R	21	0.76357	0.99936	1.0	786	5	0.13438	0.86913	0.9892	1.0	834	3	0.13438
V203M	30	0.76719	0.99999	1.0	787	1	1.2141	2.5471e-06	0.00080289	0.005654	158	23	1.2141
E286A	26	0.77412	0.99994	1.0	788	7	-0.012596	0.84425	0.99009	1.0	817	6	-0.012596
Y103TfsTer20	15	0.77506	0.99604	1.0	789	2	1.1372	2.0699e-10	4.0346e-06	5.6e-05	43	9	1.1372
E286V	26	0.78255	0.99994	1.0	790	8	0.16099	0.55635	0.93768	1.0	669	9	0.16099
E286E	27	0.78944	0.99992	1.0	791	7	-0.28034	0.68978	0.97636	1.0	728	6	-0.28034
E224Ter	30	0.79054	0.99999	1.0	792	8	0.40502	0.059227	0.39092	1.0	410	15	0.40502
I50V	18	0.79277	0.99808	1.0	793	4	0.27595	0.78585	0.97108	1.0	778	5	0.27595
P128A	30	0.79329	0.99999	1.0	794	5	0.21105	0.17753	0.66407	1.0	489	13	0.21105
K386K	9	0.79548	0.97395	1.0	795	1	0.54255	0.15985	0.41812	1.0	481	5	0.54255
T125HfsTer24	30	0.79653	0.99999	1.0	796	8	-0.11	0.99993	1.0	1.0	1080	2	-0.11
V218E	29	0.80113	0.99996	1.0	797	8	-0.022664	0.84346	0.98901	1.0	816	7	-0.022664
T231PfsTer16	29	0.80873	0.99996	1.0	798	8	-0.24598	0.76414	0.98464	1.0	761	6	-0.24598
A189P	30	0.81078	0.99999	1.0	799	9	-0.18857	0.77797	0.98566	1.0	775	9	-0.18857
R213Q	11	0.81263	0.98861	1.0	800	2	1.099	0.020504	0.093842	0.365535	351	7	1.099
T125SfsTer46	27	0.81307	0.99993	1.0	801	4	0.046841	0.7469	0.97832	1.0	753	7	0.046841
Y220EfsTer389	24	0.81331	0.99973	1.0	802	7	-0.069832	0.91568	0.99504	1.0	872	5	-0.069832
E294Ter	28	0.81343	0.99997	1.0	803	6	0.53221	0.014357	0.16095	0.561023	336	15	0.53221
F134I	15	0.81421	0.99771	1.0	804	4	1.2832	0.00044832	0.008735	0.046283	235	9	1.2832
K120E	30	0.81455	0.99999	1.0	805	9	0.069001	0.61524	0.96185	1.0	692	8	0.069001
P47RfsTer76	30	0.81488	0.99999	1.0	806	9	-0.12209	0.22968	0.7294	1.0	527	5	-0.12209
L35SfsTer8	30	0.81691	1.0	1.0	807	6	0.14144	0.063597	0.45852	1.0	416	12	0.14144
C135AfsTer35	11	0.81818	0.98861	1.0	808	3	2.1836	8.1164e-07	1.2104e-05	0.000152	135	6	2.1836
K101Ter	28	0.82047	0.99997	1.0	809	1	0.74522	0.002831	0.06827	0.280158	277	16	0.74522
R290_K290del	27	0.82454	0.99993	1.0	810	8	0.58337	0.043639	0.33227	1.0	394	14	0.58337
S90F	3	0.82963	0.78359	1.0	811	0	-0.13421	0.87606	0.87587	1.0	841	0	-0.13421
R213L	11	0.83063	0.98861	1.0	812	3	1.1155	0.0091423	0.067842	0.279337	315	6	1.1155
E285Ter	25	0.83105	0.99985	1.0	813	7	0.079485	0.41125	0.84698	1.0	610	8	0.079485
R213DfsTer34	10	0.83272	0.98269	1.0	814	2	1.2763	0.00072848	0.0070162	0.038433	242	7	1.2763
N310Y	27	0.83315	0.99993	1.0	815	8	0.47523	0.0012394	0.040254	0.18092	254	14	0.47523
S240R	18	0.83434	0.9987	1.0	816	3	1.5108	9.1213e-08	2.8242e-05	0.000312	104	14	1.5108
Y126N	30	0.83454	1.0	1.0	817	5	0.67058	0.0021918	0.056852	0.241409	265	18	0.67058
L289V	27	0.83594	0.99993	1.0	818	7	0.053943	0.26793	0.74663	1.0	548	8	0.053943
F109VfsTer40	13	0.83735	0.99495	1.0	819	2	-0.054972	0.9683	0.99361	1.0	937	1	-0.054972
P36SfsTer7	30	0.83924	1.0	1.0	820	8	-0.033558	0.69538	0.97699	1.0	732	9	-0.033558
N239SfsTer392	15	0.84096	0.99771	1.0	821	1	1.8882	2.1641e-07	2.0173e-05	0.00024	114	12	1.8882
L35SfsTer10	30	0.84117	1.0	1.0	822	8	0.17727	0.059824	0.39484	1.0	411	14	0.17727
L111KfsTer39	28	0.84254	0.99997	1.0	823	7	0.22917	0.54176	0.94293	1.0	667	10	0.22917
F134F	14	0.84431	0.99679	1.0	824	2	1.0326	2.4567e-06	0.00010087	0.000924	156	9	1.0326
V218G	28	0.84442	0.99997	1.0	825	8	0.21432	0.39111	0.85691	1.0	605	11	0.21432
D228VfsTer12	22	0.84678	0.99961	1.0	826	5	0.16667	0.15509	0.6076	1.0	479	10	0.16667
V122V	17	0.85029	0.99904	1.0	827	2	0.041566	0.4768	0.87048	1.0	640	4	0.041566
Y126S	30	0.85378	1.0	1.0	828	8	0.2512	0.038096	0.33481	1.0	381	13	0.2512
P190R	30	0.85965	1.0	1.0	829	6	0.10712	0.51874	0.92006	1.0	657	9	0.10712
E287K	13	0.86211	0.99495	1.0	830	1	1.1656	9.2685e-05	0.001868	0.011403	215	11	1.1656
G245A	27	0.86404	0.99994	1.0	831	6	-0.032119	0.96725	0.99911	1.0	936	4	-0.032119
V218CfsTer29	30	0.86519	1.0	1.0	832	8	-0.19345	0.9273	0.99769	1.0	881	7	-0.19345
P190P	30	0.86602	1.0	1.0	833	6	0.13027	0.41833	0.8802	1.0	616	7	0.13027
R213LfsTer3	5	0.86659	0.86984	1.0	834	1	1.2399	0.0055708	0.023776	0.113727	299	4	1.2399
E388K	12	0.86747	0.9922	1.0	835	3	-0.045646	0.77242	0.94602	1.0	770	3	-0.045646
C242W	30	0.86958	1.0	1.0	836	8	0.031974	0.33803	0.83362	1.0	577	8	0.031974
N310TfsTer35	24	0.87008	0.99974	1.0	837	4	0.43407	0.015814	0.16735	0.578427	342	10	0.43407
T125M	30	0.87356	1.0	1.0	838	8	-0.1969	0.97955	0.99946	1.0	961	2	-0.1969
Q144GfsTer2	5	0.8833	0.86984	1.0	839	1	0.36466	0.21188	0.41813	1.0	515	3	0.36466
E224A	29	0.8841	0.99998	1.0	840	8	0.087712	0.70644	0.97346	1.0	738	7	0.087712
F109V	13	0.88742	0.99496	1.0	841	2	-0.16057	0.70251	0.92531	1.0	735	4	-0.16057
E286K	27	0.88868	0.99994	1.0	842	7	0.6228	0.034386	0.31529	0.96959	377	14	0.6228
C242AfsTer5	18	0.8898	0.9993	1.0	843	3	1.3913	7.6739e-08	2.8242e-05	0.000312	102	12	1.3913
P322P	18	0.8912	0.9993	1.0	844	3	1.3848	0.00020649	0.0076134	0.040972	226	13	1.3848
P316LfsTer21	19	0.89185	0.9995	1.0	845	4	0.31981	0.16267	0.50936	1.0	483	8	0.31981
K120N	30	0.89435	1.0	1.0	846	7	0.15011	0.13952	0.60475	1.0	468	11	0.15011
L206Ter	30	0.89435	1.0	1.0	847	2	0.93857	3.3601e-07	0.00017349	0.001468	120	23	0.93857
T18T	8	0.89438	0.96017	1.0	848	1	1.0359	0.031978	0.13078	0.474764	372	5	1.0359
L130L	10	0.89729	0.98269	1.0	849	2	-0.029377	0.62762	0.88646	1.0	698	3	-0.029377
D228VfsTer18	24	0.89848	0.99981	1.0	850	3	0.71691	0.0010129	0.033951	0.154864	249	15	0.71691
S241P	18	0.89888	0.9993	1.0	851	1	1.1291	4.6369e-09	4.0346e-06	5.6e-05	68	11	1.1291
T123DfsTer26	17	0.89974	0.99904	1.0	852	4	-0.14249	0.71543	0.95325	1.0	740	5	-0.14249
F109Y	13	0.90029	0.99496	1.0	853	2	0.23693	0.63893	0.89	1.0	703	4	0.23693
L35Ter	30	0.90142	1.0	1.0	854	8	0.33428	0.205	0.72939	1.0	513	12	0.33428
Q136H	18	0.90172	0.9993	1.0	855	4	-0.10391	0.52517	0.89911	1.0	659	2	-0.10391
T284RfsTer21	26	0.90279	0.99995	1.0	856	4	0.31334	0.53535	0.93767	1.0	664	9	0.31334
E294Q	30	0.90323	1.0	1.0	857	7	0.13371	0.15106	0.60903	1.0	472	13	0.13371
E204Ter	30	0.90399	1.0	1.0	858	5	0.77408	0.0020802	0.056166	0.240964	263	17	0.77408
P309L	27	0.90978	0.99994	1.0	859	4	1.1066	1.9752e-05	0.0021989	0.013226	188	17	1.1066
D49V	15	0.9105	0.99772	1.0	860	3	0.47159	0.098423	0.37624	1.0	443	8	0.47159
E287D	28	0.91066	0.99998	1.0	861	7	0.077788	0.42048	0.87423	1.0	617	10	0.077788
D259N	18	0.91134	0.9993	1.0	862	2	1.872	8.4762e-10	4.0346e-06	5.6e-05	55	14	1.872
L114SfsTer36	21	0.91283	0.99971	1.0	863	4	-0.17125	0.72554	0.96305	1.0	742	5	-0.17125
P223L	30	0.91455	1.0	1.0	864	5	0.17405	0.81386	0.98999	1.0	791	8	0.17405
G108VfsTer15	13	0.91547	0.99496	1.0	865	2	0.11797	0.97064	0.99361	1.0	938	2	0.11797
E287Q	27	0.91665	0.99994	1.0	866	5	0.36047	0.26455	0.74663	1.0	544	10	0.36047
D48H	30	0.92037	1.0	1.0	867	6	0.29565	0.014156	0.20734	0.689434	335	13	0.29565
Y126D	30	0.9204	1.0	1.0	868	7	0.15574	0.14799	0.60903	1.0	470	11	0.15574
N288IfsTer57	25	0.92421	0.99988	1.0	869	5	0.11169	0.39067	0.84697	1.0	604	8	0.11169
F270F	28	0.92495	0.99998	1.0	870	2	0.72793	5.1775e-06	0.00099655	0.006719	167	21	0.72793
P128_A128del	54	0.92541	1.0	1.0	871	11	0.64881	1.8221e-05	0.0099454	0.052149	187	34	0.64881
L111SfsTer38	19	0.92716	0.9995	1.0	872	4	-0.24223	0.86687	0.98225	1.0	831	4	-0.24223
E204Q	30	0.92743	1.0	1.0	873	3	0.84032	8.9199e-06	0.001279	0.00814	176	22	0.84032
C229Y	25	0.92819	0.99988	1.0	874	6	-0.11806	0.18295	0.65166	1.0	495	11	-0.11806
P191H	29	0.92937	0.99998	1.0	875	7	-0.083756	0.15246	0.62159	1.0	475	13	-0.083756
I50T	18	0.92939	0.9993	1.0	876	3	0.08868	0.59936	0.91443	1.0	685	6	0.08868
A39S	30	0.93001	1.0	1.0	877	6	0.26113	0.091823	0.50547	1.0	439	13	0.26113
F134V	14	0.93053	0.9968	1.0	878	2	0.075804	0.0085353	0.070667	0.286165	312	6	0.075804
S94Ter	18	0.93082	0.9993	1.0	879	4	1.025	0.0057065	0.073547	0.295877	304	10	1.025
D228N	23	0.93107	0.99993	1.0	880	4	0.18902	0.12693	0.54808	1.0	459	11	0.18902
K291Q	27	0.93156	0.99994	1.0	881	5	0.21839	0.11514	0.54368	1.0	452	12	0.21839
V216G	30	0.93369	1.0	1.0	882	5	0.13917	0.64612	0.97154	1.0	708	10	0.13917
F134L	13	0.93495	0.99496	1.0	883	2	1.5557	3.6454e-05	0.00085131	0.005901	198	10	1.5557
P36L	30	0.93805	1.0	1.0	884	7	-0.044668	0.80226	0.98831	1.0	785	8	-0.044668
G105S	15	0.93907	0.99772	1.0	885	1	0.43248	0.0040939	0.042368	0.186997	288	7	0.43248
K120Ter	30	0.93928	1.0	1.0	886	7	0.069353	0.26069	0.78037	1.0	543	10	0.069353
P36_S36del	30	0.94212	1.0	1.0	887	5	0.42281	0.32337	0.83247	1.0	571	12	0.42281
G117V	29	0.94287	0.99998	1.0	888	7	0.017754	0.59758	0.95978	1.0	683	10	0.017754
C238R	9	0.94327	0.97396	1.0	889	1	1.7104	0.00030653	0.0027476	0.015978	230	8	1.7104
R65Ter	23	0.94477	0.99993	1.0	890	5	0.54661	0.044377	0.30152	0.94131	395	12	0.54661
C135S	3	0.94849	0.95047	1.0	891	0	2.0993	0.0016261	0.00098042	0.006646	260	2	2.0993
R290R	28	0.94852	0.99999	1.0	892	6	0.28943	0.016341	0.21185	0.698752	343	13	0.28943
Y126H	30	0.94942	1.0	1.0	893	3	0.55066	0.00041994	0.023461	0.113727	234	20	0.55066
Y107TfsTer16	15	0.94947	0.99772	1.0	894	3	-0.20676	0.93992	0.99178	1.0	888	2	-0.20676
K373RfsTer392	6	0.95076	0.91188	1.0	895	0	1.3672	0.025982	0.091082	0.355915	364	4	1.3672
E287Ter	26	0.95113	0.99997	1.0	896	3	0.49473	0.069543	0.41331	1.0	425	13	0.49473
G117A	30	0.95182	1.0	1.0	897	7	-0.0087036	0.82757	0.99166	1.0	799	8	-0.0087036
H380IfsTer392	9	0.95241	0.97396	1.0	898	1	1.6387	0.0040445	0.029989	0.139913	287	7	1.6387
Q375K	12	0.95263	0.9922	1.0	899	1	0.85565	0.014681	0.1032	0.392039	338	8	0.85565
F109GfsTer15	13	0.95324	0.99496	1.0	900	2	0.21236	0.47682	0.82796	1.0	641	5	0.21236
S20QfsTer24	20	0.95413	0.9997	1.0	901	3	0.55923	0.040334	0.27851	0.887604	385	11	0.55923
P58QfsTer65	30	0.95414	1.0	1.0	902	3	0.63095	0.0086962	0.13894	0.492746	314	17	0.63095
D228VfsTer20	23	0.95514	0.99993	1.0	903	4	0.53203	0.025481	0.20993	0.69616	363	12	0.53203
P128L	30	0.95567	1.0	1.0	904	6	0.30392	0.075947	0.47478	1.0	428	14	0.30392
D208V	24	0.95591	0.99992	1.0	905	2	0.87824	1.4505e-06	0.00031067	0.002459	147	20	0.87824
P34P	30	0.95651	1.0	1.0	906	6	0.13873	0.036076	0.33481	1.0	380	11	0.13873
S378A	15	0.9574	0.99772	1.0	907	2	0.84109	0.0048251	0.059007	0.245427	294	10	0.84109
V143M	16	0.95749	0.9985	1.0	908	3	0.19976	0.2591	0.6361	1.0	541	6	0.19976
S127T	30	0.95933	1.0	1.0	909	7	0.19089	0.25699	0.78037	1.0	539	12	0.19089
V217M	29	0.95948	0.99999	1.0	910	6	0.042626	0.83566	0.98901	1.0	810	8	0.042626
R110FfsTer33	3	0.96033	0.95047	1.0	911	0	0.88182	0.039668	0.068803	0.28083	384	3	0.88182
R110VfsTer13	12	0.96047	0.9922	1.0	912	1	0.43164	0.41479	0.78475	1.0	612	5	0.43164
M237I	9	0.96193	0.97396	1.0	913	1	1.5061	3.7577e-05	0.00048819	0.003608	199	6	1.5061
L289I	29	0.96646	0.99999	1.0	914	3	0.41368	0.042729	0.34242	1.0	390	13	0.41368
Q317PfsTer20	27	0.96761	0.99999	1.0	915	2	0.46574	0.067454	0.39527	1.0	422	13	0.46574
S94L	18	0.96828	0.99931	1.0	916	3	0.66693	0.041037	0.23446	0.757074	386	9	0.66693
I50I	18	0.96846	0.99931	1.0	917	3	0.56752	0.015697	0.11824	0.435688	341	11	0.56752
E285K	25	0.96916	0.99995	1.0	918	5	0.22662	0.37891	0.80978	1.0	597	7	0.22662
G293EfsTer13	29	0.9695	0.99999	1.0	919	1	0.74197	0.00013066	0.0079361	0.042522	217	20	0.74197
D48RfsTer4	30	0.97101	1.0	1.0	920	6	0.1827	0.60175	0.96184	1.0	688	9	0.1827
N131I	5	0.97141	0.97831	1.0	921	0	0.40423	0.42135	0.60755	1.0	618	2	0.40423
Y107H	15	0.97294	0.99772	1.0	922	2	0.26015	0.62738	0.91912	1.0	697	5	0.26015
Q192L	29	0.97344	0.99999	1.0	923	5	0.88985	9.309e-05	0.0065401	0.036311	216	19	0.88985
K120SfsTer3	29	0.97382	0.99999	1.0	924	2	0.23388	0.15208	0.62159	1.0	474	11	0.23388
M384I	6	0.97465	0.96787	1.0	925	0	0.6562	0.042649	0.12221	0.447033	388	3	0.6562
S371F	20	0.97551	0.9997	1.0	926	1	1.2758	1.8232e-06	0.00015735	0.001369	150	16	1.2758
F328LfsTer17	6	0.97551	0.96787	1.0	927	0	1.5246	0.013173	0.06355	0.262543	332	4	1.5246
Q38Ter	30	0.97558	1.0	1.0	928	6	0.092907	0.34386	0.83362	1.0	579	11	0.092907
P190LfsTer57	30	0.97575	1.0	1.0	929	6	0.21583	0.12856	0.54052	1.0	462	11	0.21583
S116F	30	0.97622	1.0	1.0	930	5	0.174	0.78265	0.9883	1.0	777	8	0.174
F212SfsTer3	10	0.97738	0.98269	1.0	931	1	0.709	0.010875	0.054149	0.233125	320	7	0.709
Y205C	30	0.97763	1.0	1.0	932	1	0.88564	3.8974e-08	4.0346e-06	5.6e-05	95	25	0.88564
P322HfsTer15	21	0.97814	0.99972	1.0	933	1	1.3202	7.0341e-07	9.2797e-05	0.000856	132	17	1.3202
G108S	15	0.97851	0.99772	1.0	934	2	0.27413	0.15732	0.48968	1.0	480	7	0.27413
Y103H	14	0.97858	0.9968	1.0	935	2	1.253	2.6325e-05	0.00081096	0.005654	194	10	1.253
Q144SfsTer26	7	0.9795	0.97041	1.0	936	0	1.1451	0.0049314	0.032378	0.149916	296	6	1.1451
S314F	22	0.98015	0.99991	1.0	937	4	0.86945	0.0008468	0.024785	0.117417	245	15	0.86945
E224K	30	0.98031	1.0	1.0	938	5	0.36145	0.19221	0.72424	1.0	504	13	0.36145
R110P	19	0.98079	0.9995	1.0	939	3	0.31836	0.47954	0.88369	1.0	644	7	0.31836
G199E	3	0.98127	0.96228	1.0	940	0	0.61884	0.018728	0.046782	0.205738	348	3	0.61884
H296Y	28	0.98193	1.0	1.0	941	4	0.53822	0.011502	0.15942	0.55729	325	16	0.53822
E28V	15	0.98246	0.99772	1.0	942	2	0.47361	0.01218	0.099442	0.381126	330	10	0.47361
L188Q	30	0.98439	1.0	1.0	943	5	0.097483	0.59323	0.96184	1.0	679	10	0.097483
Q317Ter	29	0.98491	1.0	1.0	944	2	0.84369	0.001024	0.040576	0.181705	250	18	0.84369
R290H	27	0.98541	1.0	1.0	945	5	0.0561	0.0054711	0.11237	0.420354	298	11	0.0561
Q100RfsTer23	27	0.98657	1.0	1.0	946	3	1.2275	3.9156e-05	0.0028283	0.016339	201	19	1.2275
C135Y	3	0.98666	0.97274	1.0	947	0	2.6981	0.00019467	3.6312e-05	0.000384	224	3	2.6981
P47R	30	0.98675	1.0	1.0	948	5	0.50224	0.031512	0.30225	0.94131	371	16	0.50224
N210TfsTer37	15	0.987	0.99772	1.0	949	1	1.1192	1.3797e-06	0.00015735	0.001369	146	13	1.1192
D228AfsTer20	23	0.98729	0.99994	1.0	950	3	0.61747	0.054743	0.33764	1.0	406	12	0.61747
P191QfsTer392	29	0.98729	1.0	1.0	951	3	0.53994	0.00059007	0.019717	0.099152	241	19	0.53994
K292Ter	28	0.98738	1.0	1.0	952	2	1.0043	2.6559e-07	7.6658e-05	0.000724	118	23	1.0043
D49N	18	0.988	0.99931	1.0	953	1	0.27678	0.46051	0.86001	1.0	631	6	0.27678
A119G	30	0.98836	1.0	1.0	954	3	0.10852	0.85942	0.99167	1.0	825	8	0.10852
Y205F	30	0.98923	1.0	1.0	955	2	1.0649	2.4206e-08	4.0346e-06	5.6e-05	91	24	1.0649
M237K	9	0.98932	0.97396	1.0	956	0	1.3381	0.0043409	0.029989	0.139913	292	6	1.3381
Y205H	24	0.99076	0.99993	1.0	957	4	1.0674	0.00015838	0.0068226	0.037539	218	16	1.0674
F109L	13	0.99088	0.99496	1.0	958	1	0.30273	0.31331	0.71189	1.0	568	5	0.30273
G374G	11	0.9915	0.98862	1.0	959	1	0.7656	0.067749	0.25756	0.822981	423	6	0.7656
N239Y	12	0.99158	0.9922	1.0	960	1	1.5838	1.3608e-06	6.8589e-05	0.000657	145	10	1.5838
V216E	30	0.99167	1.0	1.0	961	4	0.025515	0.77846	0.98566	1.0	776	9	0.025515
R110R	12	0.99203	0.9922	1.0	962	1	0.45156	0.12972	0.35765	1.0	463	6	0.45156
E62Ter	26	0.99234	0.99998	1.0	963	2	0.60206	0.01769	0.19196	0.645287	346	14	0.60206
C229YfsTer10	25	0.99236	0.99995	1.0	964	4	0.23578	0.46343	0.8664	1.0	634	9	0.23578
R290L	28	0.99274	1.0	1.0	965	4	0.36327	0.0079888	0.14075	0.497689	309	12	0.36327
D48LfsTer80	27	0.99287	1.0	1.0	966	2	0.64308	0.00028741	0.015666	0.08043	229	18	0.64308
L206WfsTer41	30	0.9931	1.0	1.0	967	1	0.96035	1.4667e-06	0.00034294	0.00268	149	23	0.96035
S314S	23	0.99317	0.99994	1.0	968	2	1.1501	1.2179e-05	0.0011176	0.007333	182	18	1.1501
S392L	30	0.99383	1.0	1.0	969	2	1.3152	2.4513e-13	4.0346e-06	5.6e-05	14	27	1.3152
L350I	21	0.99421	0.99972	1.0	970	3	0.38925	0.060985	0.34139	1.0	412	11	0.38925
E286Q	27	0.99425	1.0	1.0	971	4	0.094244	0.17484	0.66593	1.0	488	7	0.094244
L265R	30	0.99454	1.0	1.0	972	2	0.59388	5.0819e-05	0.0038692	0.021878	204	21	0.59388
R110C	12	0.99469	0.9922	1.0	973	1	0.46663	0.2076	0.55807	1.0	514	6	0.46663
K292N	29	0.99509	1.0	1.0	974	3	0.79125	4.9038e-06	0.00062537	0.00454	166	22	0.79125
P64L	23	0.99542	0.99994	1.0	975	2	0.93732	0.0011974	0.035977	0.162948	253	15	0.93732
S378S	18	0.99559	0.99931	1.0	976	2	0.9479	0.0097697	0.10123	0.385754	318	11	0.9479
G187D	30	0.9959	1.0	1.0	977	3	0.39763	0.023036	0.23408	0.757074	358	16	0.39763
R110G	12	0.99591	0.9922	1.0	978	1	0.13117	0.6529	0.9003	1.0	712	4	0.13117
L348Ter	30	0.99591	1.0	1.0	979	4	0.033711	0.0022339	0.05686	0.241409	267	10	0.033711
N239_S240insR	12	0.996	0.9922	1.0	980	0	2.5748	4.4718e-10	4.0346e-06	5.6e-05	50	10	2.5748
C238C	9	0.99612	0.99379	1.0	981	0	2.3177	1.7412e-05	0.00025418	0.002052	186	6	2.3177
S20L	9	0.99614	0.99379	1.0	982	0	0.90462	0.016968	0.085078	0.337835	345	6	0.90462
G59R	30	0.99617	1.0	1.0	983	1	0.61646	0.016553	0.21085	0.697353	344	16	0.61646
E51DfsTer74	9	0.9962	0.99379	1.0	984	0	0.3926	0.36613	0.67108	1.0	588	4	0.3926
V97F	30	0.99636	1.0	1.0	985	1	1.0588	8.7174e-07	0.00026225	0.002103	137	22	1.0588
D228H	23	0.99639	0.99994	1.0	986	1	0.57677	0.0086173	0.094342	0.366321	313	14	0.57677
P64S	24	0.9965	0.99993	1.0	987	3	0.54526	0.011736	0.12241	0.447033	327	14	0.54526
R290C	27	0.99653	1.0	1.0	988	3	0.66829	0.0030508	0.058482	0.244906	280	15	0.66829
P60A	30	0.99663	1.0	1.0	989	3	0.49538	0.0056644	0.11353	0.420882	302	17	0.49538
P27L	15	0.99672	0.99772	1.0	990	1	0.59812	0.0014554	0.020895	0.103382	258	11	0.59812
F54S	30	0.99684	1.0	1.0	991	2	0.44719	0.0096611	0.13895	0.492746	317	17	0.44719
Y126Y	30	0.99696	1.0	1.0	992	4	0.32504	0.19772	0.72939	1.0	509	11	0.32504
S315FfsTer30	19	0.997	0.9995	1.0	993	2	0.84394	0.014012	0.14661	0.515688	334	11	0.84394
I195L	24	0.997	0.99993	1.0	994	2	1.1793	2.1621e-10	4.0346e-06	5.6e-05	44	22	1.1793
P60QfsTer63	29	0.99709	1.0	1.0	995	3	0.67847	0.0082821	0.14668	0.515688	310	17	0.67847
S20Ter	7	0.99715	0.99833	1.0	996	0	0.74453	0.0022139	0.01147	0.059721	266	6	0.74453
C135R	14	0.99747	0.9968	1.0	997	1	1.5211	4.2607e-08	4.0346e-06	5.6e-05	96	11	1.5211
R342SfsTer8	3	0.99748	0.99749	1.0	998	0	1.7799	0.0025235	0.0054669	0.03077	274	3	1.7799
N310N	26	0.99751	0.99998	1.0	999	2	1.1206	6.9319e-05	0.0059027	0.032921	210	18	1.1206
L289TfsTer17	23	0.99755	0.99994	1.0	1000	2	0.9865	4.3811e-05	0.0027072	0.015818	202	17	0.9865
E204D	24	0.99772	0.99993	1.0	1001	3	1.0955	0.00076488	0.021267	0.104495	244	15	1.0955
K321EfsTer16	25	0.99783	0.99995	1.0	1002	1	1.4715	8.2323e-06	0.00081096	0.005654	175	19	1.4715
S95C	27	0.99789	1.0	1.0	1003	2	0.90024	7.5295e-05	0.0058462	0.032755	212	18	0.90024
E51NfsTer72	12	0.99794	0.99584	1.0	1004	0	0.39375	0.37585	0.75227	1.0	593	5	0.39375
E62K	25	0.99797	0.99995	1.0	1005	3	0.62413	0.06142	0.36123	1.0	413	12	0.62413
H214LfsTer33	3	0.99806	0.99749	1.0	1006	0	2.1057	0.001944	0.0025216	0.014947	262	3	2.1057
K320R	11	0.99807	0.99636	1.0	1007	0	1.0713	0.0023386	0.023413	0.113727	270	8	1.0713
R110_L111insN	18	0.99812	0.99931	1.0	1008	1	0.51124	0.066969	0.33665	1.0	421	9	0.51124
S46S	30	0.99844	1.0	1.0	1009	2	0.3492	0.044814	0.36555	1.0	397	15	0.3492
F109_R110insLRF	6	0.99847	0.99763	1.0	1010	0	0.98608	0.0015257	0.0084445	0.04505	259	6	0.98608
S46Y	30	0.99848	1.0	1.0	1011	4	0.20922	0.17972	0.66551	1.0	491	11	0.20922
R196G	15	0.9985	0.99772	1.0	1012	1	1.2243	2.3247e-06	0.00015735	0.001369	154	13	1.2243
S96Y	30	0.99854	1.0	1.0	1013	4	1.0081	3.6737e-06	0.0010369	0.006931	162	19	1.0081
N239I	12	0.9987	0.99796	1.0	1014	0	2.073	2.2857e-09	4.0346e-06	5.6e-05	62	10	2.073
Q38Q	30	0.99886	1.0	1.0	1015	3	0.57591	0.0050254	0.11043	0.414373	297	16	0.57591
N239H	12	0.99888	0.99797	1.0	1016	0	2.2056	1.0182e-08	4.0346e-06	5.6e-05	79	10	2.2056
L194V	20	0.99891	0.9997	1.0	1017	1	0.84786	2.0056e-06	0.00035101	0.002692	152	16	0.84786
D48N	30	0.99892	1.0	1.0	1018	2	0.62109	0.012835	0.18575	0.631346	331	17	0.62109
W53Ter	30	0.99901	1.0	1.0	1019	2	0.59276	0.007453	0.13723	0.490907	308	17	0.59276
L130I	9	0.99908	0.99972	1.0	1020	0	0.60769	0.044509	0.1673	0.578427	396	6	0.60769
P27A	15	0.99909	0.99772	1.0	1021	0	0.43241	0.087405	0.37623	1.0	434	8	0.43241
L350L	18	0.99909	0.99931	1.0	1022	1	0.41467	0.056568	0.33075	1.0	408	10	0.41467
R110LfsTer14	12	0.99911	0.99797	1.0	1023	0	0.53912	0.16118	0.4963	1.0	482	6	0.53912
K321Ter	15	0.99912	0.99772	1.0	1024	0	1.5865	6.224e-07	4.4381e-05	0.00045	129	13	1.5865
Q375Ter	12	0.99916	0.99797	1.0	1025	0	1.169	0.00018919	0.0026265	0.015467	223	10	1.169
F109S	13	0.9992	0.99876	1.0	1026	0	0.27462	0.46689	0.82796	1.0	635	5	0.27462
Y107C	15	0.99923	0.99772	1.0	1027	0	0.51521	0.10681	0.38598	1.0	448	7	0.51521
D393G	27	0.99925	1.0	1.0	1028	1	1.3194	2.9956e-12	4.0346e-06	5.6e-05	22	22	1.3194
F109I	13	0.99927	0.99876	1.0	1029	0	0.35407	0.27283	0.64574	1.0	552	6	0.35407
Q192Ter	29	0.99931	1.0	1.0	1030	3	0.77653	4.739e-06	0.0006173	0.004508	165	21	0.77653
P316L	28	0.99932	1.0	1.0	1031	3	0.75318	0.00099747	0.036122	0.162948	248	18	0.75318
Q317_P317del	28	0.99932	1.0	1.0	1032	3	0.66272	0.011356	0.15942	0.55729	323	16	0.66272
P60L	30	0.99933	1.0	1.0	1033	3	0.61793	0.0022855	0.05686	0.241409	269	16	0.61793
K320N	15	0.99937	0.99772	1.0	1034	0	1.5392	7.7729e-06	0.00032681	0.00257	172	13	1.5392
Y107S	15	0.99937	0.99772	1.0	1035	0	0.37679	0.17915	0.53864	1.0	490	7	0.37679
D208G	24	0.99938	0.99993	1.0	1036	2	0.95749	9.0532e-07	0.000117	0.001056	138	19	0.95749
N239T	12	0.99945	0.99895	1.0	1037	0	2.2702	5.3676e-09	4.0346e-06	5.6e-05	72	11	2.2702
R202R	18	0.9995	0.99931	1.0	1038	1	1.5583	4.4072e-10	4.0346e-06	5.6e-05	49	16	1.5583
E56K	30	0.99952	1.0	1.0	1039	2	0.93708	0.00055238	0.023913	0.113727	238	19	0.93708
K319N	27	0.99957	1.0	1.0	1040	2	1.329	4.7261e-05	0.0028363	0.016339	203	19	1.329
L194H	24	0.99957	0.99993	1.0	1041	2	1.0372	1.4408e-07	4.4381e-05	0.00045	110	20	1.0372
P58P	29	0.99958	1.0	1.0	1042	2	0.64441	0.015585	0.19553	0.653722	340	16	0.64441
P322RfsTer16	15	0.99962	0.9989	1.0	1043	0	1.525	5.8761e-05	0.0017631	0.010871	207	12	1.525
F54F	29	0.99965	1.0	1.0	1044	2	0.69341	0.014573	0.19376	0.649556	337	16	0.69341
S106R	15	0.99966	0.9989	1.0	1045	0	0.51105	0.01217	0.099442	0.381126	329	10	0.51105
F109C	13	0.99967	0.99945	1.0	1046	0	0.71718	0.030567	0.18757	0.635783	370	8	0.71718
E346Ter	30	0.9997	1.0	1.0	1047	3	0.97987	1.1095e-08	4.0346e-06	5.6e-05	80	25	0.97987
L26L	15	0.99972	0.99943	1.0	1048	0	0.48137	0.029224	0.17486	0.60013	367	9	0.48137
L194R	24	0.99972	0.99993	1.0	1049	1	0.68904	1.0086e-05	0.0011821	0.007675	180	19	0.68904
S106RfsTer16	15	0.99973	0.99943	1.0	1050	0	0.78155	0.004213	0.042368	0.186997	289	10	0.78155
V203L	30	0.99977	1.0	1.0	1051	3	1.2927	5.7385e-06	0.001045	0.006931	169	21	1.2927
R209KfsTer6	18	0.99978	0.99931	1.0	1052	0	1.1908	1.6996e-05	0.00068185	0.004893	185	15	1.1908
Q100Ter	28	0.99979	1.0	1.0	1053	2	0.9322	0.00035033	0.013964	0.07199	232	19	0.9322
F270L	30	0.9998	1.0	1.0	1054	1	0.6724	7.074e-06	0.001053	0.006947	171	22	0.6724
Y126Ter	30	0.99982	1.0	1.0	1055	2	0.77617	0.0011603	0.047177	0.206736	252	18	0.77617
S240RfsTer25	12	0.99982	0.99996	1.0	1056	0	2.5693	2.6164e-10	4.0346e-06	5.6e-05	45	10	2.5693
F341_R342insQLRDV	6	0.99983	0.99925	1.0	1057	0	1.5594	0.00016923	0.00089972	0.006202	221	6	1.5594
E294SfsTer51	59	0.99984	1.0	1.0	1058	6	0.56085	3.3981e-07	0.00098042	0.006646	121	40	0.56085
Y107D	15	0.99984	0.99944	1.0	1059	0	0.46407	0.18388	0.54691	1.0	496	7	0.46407
Y107Ter	15	0.99984	0.99944	1.0	1060	0	0.29387	0.15151	0.48967	1.0	473	7	0.29387
C238Ter	21	0.99986	0.99972	1.0	1061	1	1.4527	1.0986e-06	0.00010894	0.00099	143	18	1.4527
K319Ter	26	0.99986	0.99998	1.0	1062	1	1.523	1.1871e-07	4.0346e-05	0.000423	106	22	1.523
F328SfsTer17	31	0.99986	1.0	1.0	1063	1	1.0806	7.5659e-07	0.00038329	0.002885	133	24	1.0806
A347D	30	0.99986	1.0	1.0	1064	2	0.41387	0.00054684	0.023913	0.113727	237	15	0.41387
V97D	30	0.99987	1.0	1.0	1065	1	0.95186	2.6292e-05	0.0029412	0.016786	193	21	0.95186
D207G	27	0.9999	1.0	1.0	1066	1	1.1524	1.3896e-07	2.8242e-05	0.000312	107	22	1.1524
Y205N	24	0.99991	0.99993	1.0	1067	1	1.1501	3.3826e-05	0.002094	0.012657	197	16	1.1501
P98_S98del	30	0.99991	1.0	1.0	1068	2	1.4453	3.3038e-07	0.00017349	0.001468	119	22	1.4453
K370K	16	0.99991	0.99962	1.0	1069	0	1.4357	1.0063e-06	4.4381e-05	0.00045	142	13	1.4357
E28K	15	0.99991	0.99971	1.0	1070	0	0.71049	3.8847e-05	0.00094007	0.006444	200	13	0.71049
L206L	30	0.99991	1.0	1.0	1071	1	0.97942	1.1954e-08	4.0346e-06	5.6e-05	82	25	0.97942
F270V	29	0.99994	1.0	1.0	1072	1	0.46447	0.0026502	0.074282	0.297855	276	18	0.46447
S96_V96del	30	0.99994	1.0	1.0	1073	2	1.2449	4.2095e-07	0.00018156	0.001515	122	21	1.2449
N239IfsTer25	12	0.99994	1.0	1.0	1074	0	1.7119	2.1975e-07	5.245e-05	0.000523	115	11	1.7119
Q317PfsTer29	29	0.99995	1.0	1.0	1075	1	0.89598	0.00076446	0.032539	0.150097	243	18	0.89598
H193P	27	0.99995	1.0	1.0	1076	1	1.139	9.4434e-07	0.00017349	0.001468	140	21	1.139
I195N	23	0.99995	0.99994	1.0	1077	1	1.1466	5.2751e-09	8.0693e-06	0.00011	71	21	1.1466
S127P	30	0.99996	1.0	1.0	1078	1	0.44181	0.068636	0.46274	1.0	424	13	0.44181
P98R	30	0.99997	1.0	1.0	1079	1	1.1917	9.8343e-06	0.001287	0.00814	179	22	1.1917
E326K	18	0.99997	0.99987	1.0	1080	0	1.2863	1.1348e-05	0.00063344	0.004572	181	15	1.2863
S94S	24	0.99997	0.99993	1.0	1081	1	1.6452	2.3465e-08	4.0346e-06	5.6e-05	90	19	1.6452
L265P	30	0.99997	1.0	1.0	1082	1	0.83296	2.789e-06	0.00080289	0.005654	160	22	0.83296
N263D	15	0.99997	0.99994	1.0	1083	0	0.50648	0.015111	0.09945	0.381126	339	9	0.50648
E326E	28	0.99997	1.0	1.0	1084	1	1.0577	2.3437e-06	0.00035908	0.002737	155	22	1.0577
L264V	12	0.99998	1.0	1.0	1085	0	0.56103	0.0029123	0.030232	0.140508	278	9	0.56103
D208E	21	0.99998	0.99991	1.0	1086	0	1.1759	4.4516e-07	3.6312e-05	0.000384	124	17	1.1759
P98S	30	0.99998	1.0	1.0	1087	1	1.6825	4.893e-09	4.0346e-06	5.6e-05	70	24	1.6825
V197M	30	0.99998	1.0	1.0	1088	1	1.1901	1.3991e-11	4.0346e-06	5.6e-05	30	27	1.1901
T211I	12	0.99998	1.0	1.0	1089	0	1.2912	7.3941e-05	0.0016744	0.010482	211	11	1.2912
G262G	11	0.99998	1.0	1.0	1090	0	0.68098	0.00018844	0.0030139	0.01712	222	10	0.68098
L201IfsTer8	21	0.99999	0.99995	1.0	1091	0	1.3149	9.3972e-09	4.0346e-06	5.6e-05	77	20	1.3149
V97LfsTer27	30	0.99999	1.0	1.0	1092	1	1.6668	3.7436e-09	4.0346e-06	5.6e-05	66	23	1.6668
P390S	30	0.99999	1.0	1.0	1093	1	1.3435	1.2054e-13	4.0346e-06	5.6e-05	11	25	1.3435
C238F	12	0.99999	1.0	1.0	1094	0	2.6091	3.5203e-09	4.0346e-06	5.6e-05	64	10	2.6091
H193D	27	0.99999	1.0	1.0	1095	1	1.144	4.7507e-11	4.0346e-06	5.6e-05	39	25	1.144
N263S	15	0.99999	1.0	1.0	1096	0	0.54062	5.5904e-05	0.0017631	0.010871	206	13	0.54062
R196PfsTer13	16	0.99999	1.0	1.0	1097	0	1.3949	5.2052e-06	0.00037522	0.002842	168	14	1.3949
T211P	12	0.99999	1.0	1.0	1098	0	1.3541	7.9249e-07	6.0519e-05	0.000589	134	11	1.3541
R209T	18	0.99999	1.0	1.0	1099	0	1.0312	5.2975e-07	9.2797e-05	0.000856	126	16	1.0312
G187VfsTer60	30	0.99999	1.0	1.0	1100	1	0.52004	0.00023582	0.011487	0.059721	228	20	0.52004
K320Ter	39	0.99999	1.0	1.0	1101	1	1.296	1.4477e-10	4.0346e-06	5.6e-05	42	33	1.296
T211NfsTer5	12	0.99999	1.0	1.0	1102	0	1.1727	6.9176e-05	0.0016744	0.010482	209	10	1.1727
D61H	29	1.0	1.0	1.0	1103	1	0.58255	0.012082	0.1751	0.60013	328	16	0.58255
E346K	30	1.0	1.0	1.0	1104	1	0.75363	0.00058218	0.023913	0.113727	240	19	0.75363
Y205D	24	1.0	0.99996	1.0	1105	0	0.87003	0.0056702	0.088169	0.346741	303	14	0.87003
L264I	12	1.0	1.0	1.0	1106	0	0.74499	3.4151e-06	0.00013314	0.001192	161	12	0.74499
S95LfsTer25	21	1.0	0.99996	1.0	1107	0	1.55	1.3962e-07	2.0173e-05	0.00024	108	15	1.55
R196Ter	17	1.0	1.0	1.0	1108	0	1.3704	4.4682e-07	3.6312e-05	0.000384	125	15	1.3704
P98L	30	1.0	1.0	1.0	1109	1	1.1119	5.8035e-07	0.00025418	0.002052	128	24	1.1119
N210N	12	1.0	1.0	1.0	1110	0	1.7012	1.4594e-06	6.8589e-05	0.000657	148	12	1.7012
N345S	27	1.0	1.0	1.0	1111	0	1.3958	1.0564e-09	4.0346e-06	5.6e-05	60	21	1.3958
E326Ter	30	1.0	1.0	1.0	1112	1	1.4321	4.3825e-07	0.00018156	0.001515	123	22	1.4321
Q52Ter	29	1.0	1.0	1.0	1113	1	0.74063	9.2688e-06	0.0018035	0.011064	177	22	0.74063
G325E	30	1.0	1.0	1.0	1114	1	1.1813	5.4942e-07	0.00024611	0.002027	127	24	1.1813
C238Y	12	1.0	1.0	1.0	1115	0	2.4219	7.8705e-08	2.8242e-05	0.000312	103	12	2.4219
C238S	12	1.0	1.0	1.0	1116	0	2.0097	1.141e-07	2.8242e-05	0.000312	105	12	2.0097
L265GfsTer392	30	1.0	1.0	1.0	1117	1	0.53072	7.7031e-05	0.0071211	0.038662	213	21	0.53072
P27LfsTer17	30	1.0	1.0	1.0	1118	1	0.65931	0.00016699	0.009203	0.048464	220	20	0.65931
N263IfsTer82	15	1.0	1.0	1.0	1119	0	0.84559	2.4642e-06	0.00015735	0.001369	157	13	0.84559
I195F	9	1.0	0.99997	1.0	1120	0	1.1781	9.93e-07	3.6312e-05	0.000384	141	9	1.1781
G262V	15	1.0	1.0	1.0	1121	0	0.647	6.9187e-07	4.4381e-05	0.00045	131	14	0.647
L194F	9	1.0	0.99997	1.0	1122	0	1.4195	8.2031e-07	2.8242e-05	0.000312	136	9	1.4195
P27S	15	1.0	1.0	1.0	1123	0	0.93565	4.0387e-06	0.0001977	0.001639	164	14	0.93565
L22V	20	1.0	1.0	1.0	1124	0	1.333	1.3655e-08	1.6139e-05	0.000198	84	16	1.333
K321NfsTer24	15	1.0	1.0	1.0	1125	0	1.719	2.2733e-07	2.0173e-05	0.00024	116	14	1.719
V203E	30	1.0	1.0	1.0	1126	0	1.1448	2.6741e-06	0.00080289	0.005654	159	21	1.1448
L265Q	30	1.0	1.0	1.0	1127	0	0.50982	1.3358e-05	0.0024006	0.014369	184	22	0.50982
L330I	30	1.0	1.0	1.0	1128	0	0.65234	6.8778e-05	0.0071131	0.038662	208	21	0.65234
E198E	30	1.0	1.0	1.0	1129	0	1.1367	3.0257e-11	4.0346e-06	5.6e-05	38	27	1.1367
R267_N268insRT	30	1.0	1.0	1.0	1130	0	0.60005	2.0692e-05	0.002917	0.016725	190	22	0.60005
Q331H	30	1.0	1.0	1.0	1131	0	1.8124	7.3341e-10	4.0346e-06	5.6e-05	54	25	1.8124
H193R	25	1.0	1.0	1.0	1132	0	0.85565	4.7116e-09	1.6139e-05	0.000198	69	23	0.85565
P390P	29	1.0	1.0	1.0	1133	0	1.2788	2.4725e-11	4.0346e-06	5.6e-05	36	26	1.2788
Y327Ter	30	1.0	1.0	1.0	1134	0	1.0408	9.3202e-06	0.001287	0.00814	178	22	1.0408
R196L	29	1.0	1.0	1.0	1135	0	1.336	9.5426e-15	4.0346e-06	5.6e-05	6	28	1.336
E51Ter	35	1.0	1.0	1.0	1136	1	0.33129	0.39023	0.87256	1.0	602	13	0.33129
V197G	30	1.0	1.0	1.0	1137	0	1.0681	1.7407e-11	4.0346e-06	5.6e-05	32	27	1.0681
L194I	20	1.0	1.0	1.0	1138	0	1.2837	4.891e-08	2.8242e-05	0.000312	98	18	1.2837
D393EfsTer393	27	1.0	1.0	1.0	1139	0	1.4786	1.5345e-13	4.0346e-06	5.6e-05	12	24	1.4786
I195T	22	1.0	1.0	1.0	1140	0	1.0658	7.8993e-06	0.00047205	0.00351	173	16	1.0658
E326DfsTer19	30	1.0	1.0	1.0	1141	0	1.3122	6.1392e-08	5.245e-05	0.000523	99	25	1.3122
E56Ter	30	1.0	1.0	1.0	1142	0	0.50778	0.043462	0.36555	1.0	393	15	0.50778
F328L	30	1.0	1.0	1.0	1143	0	0.99125	7.9475e-09	4.0346e-06	5.6e-05	76	26	0.99125
L201Ter	21	1.0	1.0	1.0	1144	0	1.3317	4.3456e-10	4.0346e-06	5.6e-05	48	19	1.3317
N200IfsTer47	27	1.0	1.0	1.0	1145	0	1.1768	6.8074e-10	4.0346e-06	5.6e-05	53	24	1.1768
G266_R266del	30	1.0	1.0	1.0	1146	0	0.75235	1.8948e-06	0.00035101	0.002692	151	22	0.75235
L201CfsTer46	21	1.0	1.0	1.0	1147	0	1.1302	1.7562e-07	2.8242e-05	0.000312	112	18	1.1302
N239TfsTer8	12	1.0	1.0	1.0	1148	0	2.0165	4.035e-09	4.0346e-06	5.6e-05	67	12	2.0165
V197E	30	1.0	1.0	1.0	1149	0	1.1157	2.8835e-13	4.0346e-06	5.6e-05	15	28	1.1157
G262S	15	1.0	1.0	1.0	1150	0	0.79577	7.2666e-08	1.2104e-05	0.000152	100	15	0.79577
S392P	30	1.0	1.0	1.0	1151	0	1.1746	2.0356e-11	4.0346e-06	5.6e-05	34	26	1.1746
G266Ter	30	1.0	1.0	1.0	1152	0	0.56151	1.2436e-06	0.00027032	0.002154	144	23	0.56151
R202C	21	1.0	1.0	1.0	1153	0	1.4294	7.6669e-08	1.2104e-05	0.000152	101	18	1.4294
D393H	27	1.0	1.0	1.0	1154	0	1.3101	3.2239e-13	4.0346e-06	5.6e-05	16	25	1.3101
K319RfsTer26	23	1.0	1.0	1.0	1155	0	1.7392	2.0998e-08	1.2104e-05	0.000152	88	20	1.7392
F270I	30	1.0	1.0	1.0	1156	0	0.6615	6.4683e-06	0.001045	0.006931	170	22	0.6615
L194L	20	1.0	1.0	1.0	1157	0	1.3077	5.5399e-12	4.0346e-06	5.6e-05	26	19	1.3077
S269C	30	1.0	1.0	1.0	1158	0	0.81262	3.5168e-09	4.0346e-06	5.6e-05	63	25	0.81262
L264YfsTer81	12	1.0	1.0	1.0	1159	0	1.0866	3.4761e-08	1.2104e-05	0.000152	94	12	1.0866
G266V	30	1.0	1.0	1.0	1160	0	0.6788	7.1925e-09	4.0346e-06	5.6e-05	75	26	0.6788
G199Ter	30	1.0	1.0	1.0	1161	0	1.1963	8.3043e-13	4.0346e-06	5.6e-05	18	26	1.1963
P98P	30	1.0	1.0	1.0	1162	0	1.3244	1.5782e-08	4.0346e-06	5.6e-05	86	24	1.3244
N268TfsTer77	30	1.0	1.0	1.0	1163	0	0.97929	1.2859e-08	4.0346e-06	5.6e-05	83	24	0.97929
L330H	30	1.0	1.0	1.0	1164	0	1.3105	1.3692e-08	4.0346e-06	5.6e-05	85	25	1.3105
L330R	30	1.0	1.0	1.0	1165	0	0.96476	1.1771e-08	4.0346e-06	5.6e-05	81	25	0.96476
E204G	27	1.0	1.0	1.0	1166	0	1.263	1.2958e-05	0.0017389	0.010831	183	20	1.263
N268I	30	1.0	1.0	1.0	1167	0	0.756	5.8544e-10	4.0346e-06	5.6e-05	52	27	0.756
Y205Ter	30	1.0	1.0	1.0	1168	0	1.1901	4.2965e-10	4.0346e-06	5.6e-05	47	26	1.1901
Q331Ter	30	1.0	1.0	1.0	1169	0	1.2229	2.051e-08	4.0346e-06	5.6e-05	87	25	1.2229
N239SfsTer391	12	1.0	1.0	1.0	1170	0	3.0881	5.0233e-12	4.0346e-06	5.6e-05	25	12	3.0881
G262NfsTer392	15	1.0	1.0	1.0	1171	0	0.95569	6.4087e-09	4.0346e-06	5.6e-05	74	15	0.95569
Y205S	30	1.0	1.0	1.0	1172	0	1.2086	3.8457e-10	4.0346e-06	5.6e-05	46	27	1.2086
H193Y	26	1.0	1.0	1.0	1173	0	0.89562	2.4938e-07	7.6658e-05	0.000724	117	22	0.89562
I195S	22	1.0	1.0	1.0	1174	0	1.5164	1.2556e-10	4.0346e-06	5.6e-05	41	21	1.5164
H193L	26	1.0	1.0	1.0	1175	0	0.89778	1.037e-09	4.0346e-06	5.6e-05	59	23	0.89778
W23Ter	19	1.0	1.0	1.0	1176	0	1.9176	8.643e-15	4.0346e-06	5.6e-05	5	19	1.9176
R209Ter	18	1.0	1.0	1.0	1177	0	1.1453	1.8337e-09	4.0346e-06	5.6e-05	61	18	1.1453
V97CfsTer52	60	1.0	1.0	1.0	1178	1	0.8481	1.4139e-07	0.00055274	0.004061	109	41	0.8481
R267W	30	1.0	1.0	1.0	1179	0	0.82834	4.6425e-10	4.0346e-06	5.6e-05	51	27	0.82834
H193Q	26	1.0	1.0	1.0	1180	0	0.79696	2.304e-06	0.00039943	0.002988	153	21	0.79696
D324G	29	1.0	1.0	1.0	1181	0	1.7103	2.648e-11	4.0346e-06	5.6e-05	37	27	1.7103
L194P	24	1.0	1.0	1.0	1182	0	1.0941	3.6665e-09	4.0346e-06	5.6e-05	65	22	1.0941
R267G	30	1.0	1.0	1.0	1183	0	0.79078	6.2337e-09	4.0346e-06	5.6e-05	73	26	0.79078
R267P	30	1.0	1.0	1.0	1184	0	1.4351	4.4195e-14	4.0346e-06	5.6e-05	9	28	1.4351
V197L	30	1.0	1.0	1.0	1185	0	1.3234	3.5364e-16	4.0346e-06	5.6e-05	3	29	1.3234
G199EfsTer48	27	1.0	1.0	1.0	1186	0	1.5804	2.3925e-12	4.0346e-06	5.6e-05	21	25	1.5804
S269N	30	1.0	1.0	1.0	1187	0	1.0646	5.1566e-11	4.0346e-06	5.6e-05	40	26	1.0646
R267L	30	1.0	1.0	1.0	1188	0	1.0478	1.6465e-13	4.0346e-06	5.6e-05	13	28	1.0478
R267Q	30	1.0	1.0	1.0	1189	0	1.006	1.7881e-12	4.0346e-06	5.6e-05	20	27	1.006
E198D	30	1.0	1.0	1.0	1190	0	1.1097	8.6757e-12	4.0346e-06	5.6e-05	28	27	1.1097
D324A	30	1.0	1.0	1.0	1191	0	1.5382	4.2667e-08	3.6312e-05	0.000384	97	25	1.5382
P322L	28	1.0	1.0	1.0	1192	0	1.2435	9.7779e-10	4.0346e-06	5.6e-05	57	25	1.2435
G266G	29	1.0	1.0	1.0	1193	0	0.72855	9.5691e-09	4.0346e-06	5.6e-05	78	25	0.72855
G199V	30	1.0	1.0	1.0	1194	0	1.199	1.721e-11	4.0346e-06	5.6e-05	31	27	1.199
N200Y	27	1.0	1.0	1.0	1195	0	1.06	1.014e-09	4.0346e-06	5.6e-05	58	24	1.06
E198_G198del	30	1.0	1.0	1.0	1196	0	1.2685	2.094e-11	4.0346e-06	5.6e-05	35	27	1.2685
G266E	30	1.0	1.0	1.0	1197	0	0.81264	3.9265e-12	4.0346e-06	5.6e-05	23	28	0.81264
G325Ter	30	1.0	1.0	1.0	1198	0	1.5382	9.5103e-10	4.0346e-06	5.6e-05	56	26	1.5382
E198Ter	29	1.0	1.0	1.0	1199	0	1.1736	7.9345e-13	4.0346e-06	5.6e-05	17	27	1.1736
D208N	24	1.0	1.0	1.0	1200	0	1.3647	1.0578e-11	4.0346e-06	5.6e-05	29	24	1.3647
L330FfsTer15	30	1.0	1.0	1.0	1201	0	1.3414	4.6985e-12	4.0346e-06	5.6e-05	24	28	1.3414
R196P	29	1.0	1.0	1.0	1202	0	1.3623	8.7986e-13	4.0346e-06	5.6e-05	19	28	1.3623
P318P	24	1.0	1.0	1.0	1203	0	1.2966	7.5116e-12	4.0346e-06	5.6e-05	27	24	1.2966
D393N	27	1.0	1.0	1.0	1204	0	1.6047	1.0393e-17	4.0346e-06	5.6e-05	1	26	1.6047
L330L	30	1.0	1.0	1.0	1205	0	1.5104	1.8872e-11	4.0346e-06	5.6e-05	33	27	1.5104
L330P	30	1.0	1.0	1.0	1206	0	1.601	7.9822e-14	4.0346e-06	5.6e-05	10	28	1.601
H193N	26	1.0	1.0	1.0	1207	0	1.328	3.3373e-14	4.0346e-06	5.6e-05	8	26	1.328
G325A	30	1.0	1.0	1.0	1208	0	1.5522	1.4367e-14	4.0346e-06	5.6e-05	7	30	1.5522
R196Q	29	1.0	1.0	1.0	1209	0	1.4375	3.9976e-16	4.0346e-06	5.6e-05	4	29	1.4375
L22L	20	1.0	1.0	1.0	1210	0	1.7756	1.6268e-17	4.0346e-06	5.6e-05	2	20	1.7756
