id	num	neg|score	neg|p-value	neg|fdr	neg|rank	neg|goodsgrna	neg|lfc	pos|score	pos|p-value	pos|fdr	pos|rank	pos|goodsgrna	pos|lfc
WT	1	0.0030675	0.0027582	0.449593	1	1	-1.7616	0.99693	0.99701	0.997012	163	0	-1.7616
R202C	1	0.0092025	0.0086837	0.707724	2	1	-1.7835	0.9908	0.99084	0.996954	162	0	-1.7835
N210N	1	0.015337	0.015228	0.827371	3	1	-1.8101	0.98466	0.98485	0.996954	161	0	-1.8101
R202R	1	0.021472	0.021582	0.879472	4	1	-1.7934	0.97853	0.97852	0.996865	160	0	-1.7934
R213Ter	1	0.027607	0.027697	0.902927	5	1	-1.7015	0.97239	0.97271	0.996865	159	0	-1.7015
T211I	1	0.033742	0.033643	0.913957	6	1	-1.759	0.96626	0.96676	0.996865	158	0	-1.759
F212V	1	0.039877	0.039678	0.923926	7	1	-1.74	0.96012	0.96048	0.996865	157	0	-1.74
F212Y	1	0.046012	0.046172	0.940752	8	1	-1.6936	0.95399	0.95437	0.996865	156	0	-1.6936
R213Q	1	0.052147	0.052337	0.947877	9	1	-1.6267	0.94785	0.94808	0.996865	155	0	-1.6267
L194F	1	0.058282	0.058562	0.954553	10	1	-1.7072	0.94172	0.94216	0.996865	154	0	-1.7072
S215G	1	0.064417	0.064846	0.960902	11	1	-1.658	0.93558	0.93592	0.996865	153	0	-1.658
L194L	1	0.070552	0.071001	0.964431	12	1	-1.707	0.92945	0.92986	0.996865	152	0	-1.707
R213P	1	0.076687	0.077136	0.967167	13	1	-1.6729	0.92331	0.92393	0.996865	151	0	-1.6729
H214R	1	0.082822	0.083311	0.968726	14	1	-1.6337	0.91718	0.9178	0.996865	150	0	-1.6337
R213L	1	0.088957	0.089147	0.968726	15	1	-1.6389	0.91104	0.9117	0.996865	149	0	-1.6389
R213G	1	0.095092	0.095631	0.974238	16	1	-1.7146	0.90491	0.90598	0.996865	148	0	-1.7146
S215N	1	0.10123	0.10201	0.976954	17	1	-1.6021	0.89877	0.89971	0.996865	147	0	-1.6021
V217M	1	0.10736	0.10798	0.976954	18	1	-1.5767	0.89264	0.89375	0.996865	146	0	-1.5767
T211NfsTer5	1	0.1135	0.114	0.976954	19	1	-1.1601	0.8865	0.88747	0.996865	145	0	-1.1601
L206L	1	0.11963	0.12022	0.976954	20	1	-1.6329	0.88037	0.88112	0.996865	144	0	-1.6329
T211P	1	0.12577	0.12641	0.976954	21	1	-1.642	0.87423	0.87497	0.996865	143	0	-1.642
H214L	1	0.1319	0.13236	0.976954	22	1	-1.5951	0.8681	0.86908	0.996865	142	0	-1.5951
D208G	1	0.13804	0.13847	0.976954	23	1	-1.5899	0.86196	0.86302	0.996865	141	0	-1.5899
E204Ter	1	0.14417	0.14464	0.976954	24	1	-1.5887	0.85583	0.85657	0.996865	140	0	-1.5887
P190L	1	0.15031	0.15035	0.976954	25	1	-1.5055	0.84969	0.85058	0.996865	139	0	-1.5055
T211A	1	0.15644	0.15583	0.976954	26	1	-1.5917	0.84356	0.84441	0.996865	138	0	-1.5917
H193Y	1	0.16258	0.1622	0.979193	27	1	-1.5497	0.83742	0.83841	0.996865	137	0	-1.5497
S215I	1	0.16871	0.16869	0.98019	28	1	-1.5262	0.83129	0.83205	0.996865	136	0	-1.5262
R196Ter	1	0.17485	0.17486	0.98019	29	1	-1.463	0.82515	0.82609	0.996865	135	0	-1.463
D208N	1	0.18098	0.1804	0.98019	30	1	-1.5316	0.81902	0.82026	0.996865	134	0	-1.5316
I195F	1	0.18712	0.18653	0.980776	31	1	-1.577	0.81288	0.81425	0.996865	133	0	-1.577
G199E	1	0.19325	0.19287	0.982444	32	1	-1.5174	0.80675	0.80855	0.996865	132	0	-1.5174
G199V	1	0.19939	0.19891	0.982483	33	1	-1.4096	0.80061	0.80272	0.996865	131	0	-1.4096
D208V	1	0.20552	0.20517	0.983252	34	1	-1.5414	0.79448	0.7962	0.996865	130	0	-1.5414
S215C	1	0.21166	0.21113	0.983252	35	1	-1.4333	0.78834	0.79027	0.996865	129	0	-1.4333
Y205H	1	0.21779	0.2173	0.983898	36	1	-1.4276	0.78221	0.78426	0.996865	128	0	-1.4276
V216M	1	0.22393	0.22336	0.983982	37	1	-1.3597	0.77607	0.778	0.996865	127	0	-1.3597
H214Q	1	0.23006	0.22993	0.986286	38	1	-1.3342	0.76994	0.77166	0.996865	126	0	-1.3342
R209Ter	1	0.2362	0.23601	0.986387	39	1	-1.3843	0.7638	0.7655	0.996865	125	0	-1.3843
N210TfsTer37	1	0.24233	0.24225	0.987175	40	1	-1.3787	0.75767	0.75926	0.996865	124	0	-1.3787
R209T	1	0.24847	0.24846	0.987747	41	1	-1.3518	0.75153	0.75299	0.996865	123	0	-1.3518
V203M	1	0.2546	0.25451	0.987747	42	1	-1.2694	0.7454	0.74696	0.996865	122	0	-1.2694
P222P	1	0.26074	0.26092	0.989053	43	1	-1.1451	0.73926	0.74083	0.996865	121	0	-1.1451
V216L	1	0.26687	0.26759	0.990019	44	1	-1.2043	0.73313	0.73443	0.996865	120	0	-1.2043
D208E	1	0.27301	0.27362	0.990019	45	1	-1.2243	0.72699	0.7287	0.996865	119	0	-1.2243
V203L	1	0.27914	0.2796	0.990019	46	1	-1.2146	0.72086	0.72194	0.996865	118	0	-1.2146
V218M	1	0.28528	0.28547	0.990019	47	1	-1.1321	0.71472	0.71586	0.996865	117	0	-1.1321
P190S	1	0.29141	0.29168	0.990498	48	1	-1.1247	0.70859	0.70927	0.996643	116	0	-1.1247
R213DfsTer34	1	0.29755	0.29828	0.990854	49	1	-1.182	0.70245	0.70335	0.996643	115	0	-1.182
H193N	1	0.30368	0.30405	0.990854	50	1	-1.1454	0.69632	0.69725	0.996643	114	0	-1.1454
H214P	1	0.30982	0.31006	0.990854	51	1	-1.0585	0.69018	0.69154	0.996643	113	0	-1.0585
Y205C	1	0.31595	0.3161	0.990854	52	1	-1.0032	0.68405	0.68565	0.996643	112	0	-1.0032
H214D	1	0.32209	0.32219	0.990873	53	1	-1.0493	0.67791	0.67967	0.996643	111	0	-1.0493
D207G	1	0.32822	0.32834	0.991102	54	1	-0.98549	0.67178	0.67401	0.996643	110	0	-0.98549
L194I	1	0.33436	0.33454	0.991441	55	1	-0.93359	0.66564	0.66799	0.996643	109	0	-0.93359
E204D	1	0.34049	0.34087	0.992132	56	1	-0.92427	0.65951	0.66197	0.996643	108	0	-0.92427
H214H	1	0.34663	0.34715	0.992132	57	1	-0.90696	0.65337	0.65614	0.996643	107	0	-0.90696
E221K	1	0.35276	0.35345	0.992132	58	1	-0.88936	0.64724	0.65005	0.996643	106	0	-0.88936
S215R	1	0.3589	0.35912	0.992132	59	1	-0.85894	0.6411	0.64356	0.996643	105	0	-0.85894
E204G	1	0.36503	0.36522	0.992182	60	1	-0.84447	0.63497	0.63748	0.996643	104	0	-0.84447
P191S	1	0.37117	0.37134	0.992256	61	1	-0.79858	0.62883	0.63106	0.996643	103	0	-0.79858
L194P	1	0.3773	0.37775	0.992513	62	1	-0.78373	0.6227	0.62459	0.996643	102	0	-0.78373
I195T	1	0.38344	0.38388	0.992513	63	1	-0.67143	0.61656	0.61846	0.996643	101	0	-0.67143
Y220C	1	0.38957	0.39006	0.992513	64	1	-0.6799	0.61043	0.61219	0.996643	100	0	-0.6799
H193R	1	0.39571	0.39611	0.992513	65	1	-0.73904	0.60429	0.60604	0.996643	99	0	-0.73904
Q192Ter	1	0.40184	0.40213	0.992513	66	1	-0.64035	0.59816	0.59971	0.996643	98	0	-0.64035
R213HfsTer35	1	0.40798	0.40797	0.992513	67	1	-1.5037	0.59202	0.59313	0.996643	97	0	-1.5037
G187D	1	0.41411	0.41437	0.99281	68	1	-0.6392	0.58589	0.58703	0.996643	96	0	-0.6392
P190T	1	0.42025	0.42062	0.99281	69	1	-0.58275	0.57975	0.5809	0.996643	95	0	-0.58275
V218V	1	0.42638	0.4266	0.99281	70	1	-0.47319	0.57362	0.57441	0.996047	94	0	-0.47319
R196Q	1	0.43252	0.43258	0.99281	71	1	-0.44764	0.56748	0.56847	0.996047	93	0	-0.44764
A189D	1	0.43865	0.43889	0.99281	72	1	-0.37926	0.56135	0.56233	0.996047	92	0	-0.37926
Y205Ter	1	0.44479	0.44482	0.99281	73	0	-0.37024	0.55521	0.55583	0.995613	91	0	-0.37024
P191H	1	0.45092	0.45077	0.99281	74	0	-0.29623	0.54908	0.54935	0.994932	90	0	-0.29623
Y205N	1	0.45706	0.45709	0.99281	75	0	-0.24723	0.54294	0.54307	0.99462	89	0	-0.24723
Y220H	1	0.46319	0.46313	0.99281	76	0	-0.062588	0.53681	0.53666	0.994041	88	0	-0.062588
L206Ter	1	0.46933	0.469	0.99281	77	0	-0.23105	0.53067	0.53075	0.994041	87	0	-0.23105
G199Ter	1	0.47546	0.47545	0.993325	78	0	-0.084113	0.52454	0.52466	0.994041	86	0	-0.084113
V217A	1	0.4816	0.48157	0.993325	79	0	-0.003321	0.5184	0.51813	0.993582	85	0	-0.003321
E204Q	1	0.48773	0.48774	0.993325	80	0	-0.050447	0.51227	0.51222	0.993582	84	0	-0.050447
H193D	1	0.49387	0.49362	0.993325	81	0	-0.020429	0.50613	0.50615	0.993582	83	0	-0.020429
P219H	1	0.5	0.50003	0.993582	82	0	0	0.5	0.50003	0.993582	82	0	0
P219L	1	0.50613	0.50615	0.993582	83	0	0.024214	0.49387	0.49362	0.993325	81	0	0.024214
L206WfsTer41	1	0.51227	0.51222	0.993582	84	0	0.086232	0.48773	0.48774	0.993325	80	0	0.086232
P222L	1	0.5184	0.51813	0.993582	85	0	0.22869	0.4816	0.48157	0.993325	79	0	0.22869
H193P	1	0.52454	0.52466	0.994041	86	0	0.29459	0.47546	0.47545	0.993325	78	0	0.29459
H193L	1	0.53067	0.53075	0.994041	87	0	0.27954	0.46933	0.469	0.99281	77	0	0.27954
V217E	1	0.53681	0.53666	0.994041	88	0	0.31519	0.46319	0.46313	0.99281	76	0	0.31519
P219S	1	0.54294	0.54307	0.99462	89	0	0.3654	0.45706	0.45709	0.99281	75	0	0.3654
E221Ter	1	0.54908	0.54935	0.994932	90	0	0.36957	0.45092	0.45077	0.99281	74	0	0.36957
P190P	1	0.55521	0.55583	0.995613	91	0	0.42239	0.44479	0.44482	0.99281	73	0	0.42239
E198E	1	0.56135	0.56233	0.996047	92	0	0.48144	0.43865	0.43889	0.99281	72	0	0.48144
R213LfsTer3	1	0.56748	0.56847	0.996047	93	0	0.39391	0.43252	0.43258	0.99281	71	0	0.39391
E224K	1	0.57362	0.57441	0.996047	94	0	0.68385	0.42638	0.4266	0.99281	70	0	0.68385
V216E	1	0.57975	0.5809	0.996643	95	0	0.66354	0.42025	0.42062	0.99281	69	0	0.66354
P190LfsTer57	1	0.58589	0.58703	0.996643	96	0	0.70177	0.41411	0.41437	0.99281	68	0	0.70177
V217G	1	0.59202	0.59313	0.996643	97	0	0.84632	0.40798	0.40797	0.992513	67	0	0.84632
V197L	1	0.59816	0.59971	0.996643	98	0	0.85679	0.40184	0.40213	0.992513	66	0	0.85679
L194H	1	0.60429	0.60604	0.996643	99	0	0.84034	0.39571	0.39611	0.992513	65	0	0.84034
G199EfsTer48	1	0.61043	0.61219	0.996643	100	0	0.97581	0.38957	0.39006	0.992513	64	0	0.97581
V218PfsTer392	1	0.61656	0.61846	0.996643	101	0	0.98494	0.38344	0.38388	0.992513	63	0	0.98494
E198Ter	1	0.6227	0.62459	0.996643	102	0	1.0653	0.3773	0.37775	0.992513	62	0	1.0653
A189P	1	0.62883	0.63106	0.996643	103	0	1.0483	0.37117	0.37134	0.992256	61	0	1.0483
V218L	1	0.63497	0.63748	0.996643	104	0	1.1062	0.36503	0.36522	0.992182	60	0	1.1062
R196L	1	0.6411	0.64356	0.996643	105	0	1.1492	0.3589	0.35912	0.992132	59	0	1.1492
Y205F	1	0.64724	0.65005	0.996643	106	0	1.0301	0.35276	0.35345	0.992132	58	0	1.0301
H193Q	1	0.65337	0.65614	0.996643	107	0	1.1093	0.34663	0.34715	0.992132	57	0	1.1093
S215T	1	0.65951	0.66197	0.996643	108	0	1.2209	0.34049	0.34087	0.992132	56	1	1.2209
H214IfsTer33	1	0.66564	0.66799	0.996643	109	0	0.91894	0.33436	0.33454	0.991441	55	1	0.91894
V197M	1	0.67178	0.67401	0.996643	110	0	1.5715	0.32822	0.32834	0.991102	54	1	1.5715
V203E	1	0.67791	0.67967	0.996643	111	0	1.4556	0.32209	0.32219	0.990873	53	1	1.4556
E198D	1	0.68405	0.68565	0.996643	112	0	1.5538	0.31595	0.3161	0.990854	52	1	1.5538
V216G	1	0.69018	0.69154	0.996643	113	0	1.5964	0.30982	0.31006	0.990854	51	1	1.5964
I195N	1	0.69632	0.69725	0.996643	114	0	1.5611	0.30368	0.30405	0.990854	50	1	1.5611
Y205S	1	0.70245	0.70335	0.996643	115	0	1.5895	0.29755	0.29828	0.990854	49	1	1.5895
N200IfsTer47	1	0.70859	0.70927	0.996643	116	0	1.6399	0.29141	0.29168	0.990498	48	1	1.6399
P223T	1	0.71472	0.71586	0.996865	117	0	1.8149	0.28528	0.28547	0.990019	47	1	1.8149
I195L	1	0.72086	0.72194	0.996865	118	0	1.8465	0.27914	0.2796	0.990019	46	1	1.8465
Y220N	1	0.72699	0.7287	0.996865	119	0	1.8473	0.27301	0.27362	0.990019	45	1	1.8473
E224Ter	1	0.73313	0.73443	0.996865	120	0	1.9745	0.26687	0.26759	0.990019	44	1	1.9745
L201Ter	1	0.73926	0.74083	0.996865	121	0	1.8015	0.26074	0.26092	0.989053	43	1	1.8015
E224D	1	0.7454	0.74696	0.996865	122	0	2.0921	0.2546	0.25451	0.987747	42	1	2.0921
R209KfsTer6	1	0.75153	0.75299	0.996865	123	0	1.512	0.24847	0.24846	0.987747	41	1	1.512
P223L	1	0.75767	0.75926	0.996865	124	0	2.1385	0.24233	0.24225	0.987175	40	1	2.1385
L194R	1	0.7638	0.7655	0.996865	125	0	2.0642	0.2362	0.23601	0.986387	39	1	2.0642
H214LfsTer33	1	0.76994	0.77166	0.996865	126	0	1.6061	0.23006	0.22993	0.986286	38	1	1.6061
Q192L	1	0.77607	0.778	0.996865	127	0	2.2075	0.22393	0.22336	0.983982	37	1	2.2075
L188Q	1	0.78221	0.78426	0.996865	128	0	2.1103	0.21779	0.2173	0.983898	36	1	2.1103
Y205D	1	0.78834	0.79027	0.996865	129	0	2.2222	0.21166	0.21113	0.983252	35	1	2.2222
P190A	1	0.79448	0.7962	0.996865	130	0	2.4524	0.20552	0.20517	0.983252	34	1	2.4524
V218E	1	0.80061	0.80272	0.996865	131	0	2.4766	0.19939	0.19891	0.982483	33	1	2.4766
H214QfsTer7	1	0.80675	0.80855	0.996865	132	0	2.1483	0.19325	0.19287	0.982444	32	1	2.1483
Y220Ter	1	0.81288	0.81425	0.996865	133	0	2.6502	0.18712	0.18653	0.980776	31	1	2.6502
P219R	1	0.81902	0.82026	0.996865	134	0	2.6515	0.18098	0.1804	0.98019	30	1	2.6515
Y220MfsTer27	1	0.82515	0.82609	0.996865	135	0	2.6703	0.17485	0.17486	0.98019	29	1	2.6703
I195S	1	0.83129	0.83205	0.996865	136	0	2.7691	0.16871	0.16869	0.98019	28	1	2.7691
L194V	1	0.83742	0.83841	0.996865	137	0	2.8519	0.16258	0.1622	0.979193	27	1	2.8519
Y220D	1	0.84356	0.84441	0.996865	138	0	2.8881	0.15644	0.15583	0.976954	26	1	2.8881
F212SfsTer3	1	0.84969	0.85058	0.996865	139	0	2.3671	0.15031	0.15035	0.976954	25	1	2.3671
L201CfsTer46	1	0.85583	0.85657	0.996865	140	0	2.9162	0.14417	0.14464	0.976954	24	1	2.9162
V218G	1	0.86196	0.86302	0.996865	141	0	3.0706	0.13804	0.13847	0.976954	23	1	3.0706
V218_P219insRG	1	0.8681	0.86908	0.996865	142	0	2.9505	0.1319	0.13236	0.976954	22	1	2.9505
N200Y	1	0.87423	0.87497	0.996865	143	0	3.2788	0.12577	0.12641	0.976954	21	1	3.2788
V197E	1	0.88037	0.88112	0.996865	144	0	3.4223	0.11963	0.12022	0.976954	20	1	3.4223
P219AfsTer3	1	0.8865	0.88747	0.996865	145	0	3.4592	0.1135	0.114	0.976954	19	1	3.4592
V218_P219insR	1	0.89264	0.89375	0.996865	146	0	3.5079	0.10736	0.10798	0.976954	18	1	3.5079
P190R	1	0.89877	0.89971	0.996865	147	0	3.5822	0.10123	0.10201	0.976954	17	1	3.5822
R196G	1	0.90491	0.90598	0.996865	148	0	3.6476	0.095092	0.095631	0.974238	16	1	3.6476
P219GfsTer29	1	0.91104	0.9117	0.996865	149	0	3.6509	0.088957	0.089147	0.968726	15	1	3.6509
Y220S	1	0.91718	0.9178	0.996865	150	0	3.8912	0.082822	0.083311	0.968726	14	1	3.8912
P219VfsTer30	1	0.92331	0.92393	0.996865	151	0	3.9114	0.076687	0.077136	0.967167	13	1	3.9114
V197G	1	0.92945	0.92986	0.996865	152	0	4.1392	0.070552	0.071001	0.964431	12	1	4.1392
R196P	1	0.93558	0.93592	0.996865	153	0	4.2715	0.064417	0.064846	0.960902	11	1	4.2715
E224A	1	0.94172	0.94216	0.996865	154	0	4.2542	0.058282	0.058562	0.954553	10	1	4.2542
V218CfsTer29	1	0.94785	0.94808	0.996865	155	0	4.1641	0.052147	0.052337	0.947877	9	1	4.1641
L201IfsTer8	1	0.95399	0.95437	0.996865	156	0	4.0084	0.046012	0.046172	0.940752	8	1	4.0084
G187VfsTer60	1	0.96012	0.96048	0.996865	157	0	4.1834	0.039877	0.039678	0.923926	7	1	4.1834
E198_G198del	1	0.96626	0.96676	0.996865	158	0	4.4637	0.033742	0.033643	0.913957	6	1	4.4637
P219Ter	1	0.97239	0.97271	0.996865	159	0	3.9035	0.027607	0.027697	0.902927	5	1	3.9035
P191QfsTer392	1	0.97853	0.97852	0.996865	160	0	4.4933	0.021472	0.021582	0.879472	4	1	4.4933
Y220EfsTer389	1	0.98466	0.98485	0.996954	161	0	4.6462	0.015337	0.015228	0.827371	3	1	4.6462
P222RfsTer25	1	0.9908	0.99084	0.996954	162	0	5.7428	0.0092025	0.0086837	0.707724	2	1	5.7428
R196PfsTer13	1	0.99693	0.99701	0.997012	163	0	5.532	0.0030675	0.0027582	0.449593	1	1	5.532
