sgrna	Gene	control_count	treatment_count	control_mean	treat_mean	LFC	control_var	adj_var	score	p.low	p.high	p.twosided	FDR	high_in_treatment
R196PfsTer13	R196PfsTer13	6.0489	144.43	6.0489	144.43	4.3667	9574.2	43.036	21.093	1	5.5548e-99	1.111e-98	1.8109e-96	True
P222RfsTer25	P222RfsTer25	141.54	2326.5	141.54	2326.5	4.0293	2.387e+06	20782	15.156	1	4.1064e-52	8.2128e-52	6.6935e-50	True
Y220EfsTer389	Y220EfsTer389	22.986	281.89	22.986	281.89	3.56	33516	561.39	10.927	1	5.1186e-28	1.0237e-27	5.5622e-26	True
P219VfsTer30	P219VfsTer30	31.454	370.64	31.454	370.64	3.5174	57522	1041.6	10.51	1	4.665e-26	9.33e-26	3.802e-24	True
P219Ter	P219Ter	0	18.271	1.2098	18.271	3.1244	166.91	2.675	10.431	1	1.1574e-25	2.3148e-25	7.5462e-24	True
E224A	E224A	978.71	10803	978.71	10803	3.4631	4.8261e+07	9.9936e+05	9.8277	1	5.1134e-23	1.0227e-22	2.7783e-21	True
V197G	V197G	411.33	4466.8	411.33	4466.8	3.4377	8.2234e+06	1.7584e+05	9.6713	1	2.3856e-22	4.7713e-22	1.111e-20	True
V218_P219insR	V218_P219insR	629.09	6638.4	629.09	6638.4	3.3974	1.8056e+07	4.1202e+05	9.362	1	4.6772e-21	9.3543e-21	1.9059e-19	True
P191QfsTer392	P191QfsTer392	39.923	388.91	39.923	388.91	3.2522	60895	1669.5	8.5411	1	7.9515e-18	1.5903e-17	2.8802e-16	True
G187VfsTer60	G187VfsTer60	52.021	503.75	52.021	503.75	3.251	1.0203e+05	2823.2	8.5017	1	1.1168e-17	2.2336e-17	3.6408e-16	True
Y220S	Y220S	782.73	7305.7	782.73	7305.7	3.2208	2.1275e+07	6.3849e+05	8.1634	1	1.9478e-16	3.8956e-16	5.7725e-15	True
E198_G198del	E198_G198del	100.41	923.11	100.41	923.11	3.1878	3.3842e+05	10466	8.0416	1	5.2965e-16	1.0593e-15	1.4389e-14	True
R196P	R196P	1452.9	13269	1452.9	13269	3.1901	6.9809e+07	2.207e+06	7.9537	1	1.0824e-15	2.1649e-15	2.7144e-14	True
V218_P219insRG	V218_P219insRG	71.377	603.81	71.377	603.81	3.0629	1.4174e+05	5298.5	7.3145	1	1.5438e-13	3.0875e-13	3.5948e-12	True
P219AfsTer3	P219AfsTer3	480.28	4018.7	480.28	4018.7	3.0621	6.2602e+06	2.3988e+05	7.2246	1	3.003e-13	6.0059e-13	6.5264e-12	True
F212SfsTer3	F212SfsTer3	0	12.181	1.2098	12.181	2.5764	74.183	2.675	6.7077	1	1.2836e-11	2.5671e-11	2.6152e-10	True
R196G	R196G	678.69	5061	678.69	5061	2.8968	9.6024e+06	4.7971e+05	6.3272	1	1.4919e-10	2.9839e-10	2.861e-09	True
P190R	P190R	647.23	4519	647.23	4519	2.8017	7.4952e+06	4.3618e+05	5.8624	1	2.7277e-09	5.4555e-09	4.9402e-08	True
P219GfsTer29	P219GfsTer29	296.4	1969.8	296.4	1969.8	2.7283	1.4001e+06	91206	5.5409	1	1.7979e-08	3.5959e-08	3.0849e-07	True
L201IfsTer8	L201IfsTer8	8.4685	53.072	8.4685	53.072	2.5137	994.76	81.111	4.9526	1	4.43e-07	8.8599e-07	7.2208e-06	True
V218G	V218G	558.92	3078.2	558.92	3078.2	2.4593	3.1734e+06	3.2506e+05	4.4187	0.99999	5.9352e-06	1.187e-05	9.2137e-05	True
V197E	V197E	368.98	1965.4	368.98	1965.4	2.41	1.2743e+06	1.4144e+05	4.2448	0.99999	1.3073e-05	2.6145e-05	0.00019371	True
L194V	L194V	618.2	3230.5	618.2	3230.5	2.3837	3.4119e+06	3.9785e+05	4.1415	0.99998	2.0624e-05	4.1247e-05	0.00029232	True
I195S	I195S	222.6	1052.7	222.6	1052.7	2.2365	3.4457e+05	51410	3.6613	0.99985	0.00014995	0.0002999	0.0020368	True
Y220D	Y220D	655.7	3086.9	655.7	3086.9	2.2333	2.9554e+06	4.477e+05	3.6335	0.99983	0.00016712	0.00033425	0.0021793	True
V218CfsTer29	V218CfsTer29	83.475	377.6	83.475	377.6	2.1641	43254	7239.4	3.4568	0.99967	0.00032663	0.00065326	0.0040955	True
Y220Ter	Y220Ter	756.11	3403.6	756.11	3403.6	2.1689	3.5046e+06	5.9571e+05	3.4302	0.99964	0.00036061	0.00072122	0.004354	True
P219R	P219R	757.32	3275.7	757.32	3275.7	2.1114	3.1711e+06	5.9762e+05	3.2577	0.99933	0.00067154	0.0013431	0.0078186	True
N200Y	N200Y	128.24	530.72	128.24	530.72	2.0407	80998	17060	3.0815	0.99877	0.0012305	0.0024609	0.013832	True
L194R	L194R	302.45	1153.7	302.45	1153.7	1.928	3.6229e+05	94972	2.7622	0.99657	0.003431	0.006862	0.037284	True
L201Ter	L201Ter	53.23	197.5	53.23	197.5	1.872	10407	2955.2	2.6538	0.99524	0.0047582	0.0095163	0.050037	True
L201CfsTer46	L201CfsTer46	72.587	259.27	72.587	259.27	1.8225	17426	5479	2.5221	0.99303	0.0069722	0.013944	0.071029	True
Y205S	Y205S	139.12	484.61	139.12	484.61	1.7931	59681	20078	2.4382	0.99118	0.008818	0.017636	0.087111	True
Y220MfsTer27	Y220MfsTer27	179.05	588.15	179.05	588.15	1.7102	83681	33253	2.2434	0.98514	0.014857	0.029715	0.14246	True
E224D	E224D	2732.9	8497.7	2732.9	8497.7	1.6363	1.6616e+07	7.8354e+06	2.0595	0.97639	0.023608	0.047216	0.21989	True
Y205D	Y205D	208.08	638.61	208.08	638.61	1.6131	92677	44919	2.0314	0.97478	0.025223	0.050447	0.22841	True
H214QfsTer7	H214QfsTer7	4.8391	15.661	4.8391	15.661	1.5126	58.553	28.479	2.0278	0.97396	0.026035	0.052071	0.22939	True
V218E	V218E	421	1220.7	421	1220.7	1.5335	3.1973e+05	1.8422e+05	1.8631	0.96268	0.037321	0.074641	0.32017	True
P190A	P190A	411.33	1167.6	411.33	1167.6	1.5029	2.8597e+05	1.7584e+05	1.8035	0.95739	0.042613	0.085225	0.3562	True
I195L	I195L	936.37	2545.7	936.37	2545.7	1.442	1.295e+06	9.1455e+05	1.6829	0.94475	0.055247	0.11049	0.43601	True
Y220N	Y220N	537.14	1454.7	537.14	1454.7	1.4357	4.2096e+05	3.0017e+05	1.6747	0.94383	0.056173	0.11235	0.43601	True
G199V	G199V	34751	5353.4	34751	5353.4	-2.6983	4.3211e+08	1.286e+09	1.6658	0.047873	0.95213	0.095747	0.39017	False
P223L	P223L	1431.2	3675	1431.2	3675	1.36	2.5175e+06	2.1412e+06	1.5335	0.92514	0.074859	0.14972	0.56754	True
I195N	I195N	291.56	702.99	291.56	702.99	1.2668	84639	88248	1.385	0.90078	0.099218	0.19844	0.73512	True
S215T	S215T	306.07	711.69	306.07	711.69	1.2147	82263	97268	1.3006	0.88444	0.11556	0.23113	0.81983	True
N200IfsTer47	N200IfsTer47	162.11	376.73	162.11	376.73	1.2115	23030	27259	1.2999	0.88432	0.11568	0.23136	0.81983	True
L188Q	L188Q	188.73	416.75	188.73	416.75	1.1387	25997	36946	1.1863	0.8593	0.1407	0.2814	0.89185	True
T211NfsTer5	T211NfsTer5	2.4196	0	2.4196	0	-1.7738	2.9271	8.305	1.1819	0.11862	0.88138	0.23724	0.82276	False
V216G	V216G	1019.8	2174.2	1019.8	2174.2	1.0914	6.663e+05	1.0853e+06	1.1081	0.83985	0.16015	0.3203	0.89185	True
E224Ter	E224Ter	2255	4796.5	2255	4796.5	1.0885	3.2296e+06	5.3291e+06	1.1009	0.8379	0.1621	0.3242	0.89185	True
H193Q	H193Q	306.07	627.3	306.07	627.3	1.0329	51592	97268	1.03	0.81894	0.18106	0.36213	0.89185	True
Q192L	Q192L	1068.2	2134.2	1068.2	2134.2	0.99779	5.6815e+05	1.1911e+06	0.97673	0.80345	0.19655	0.39311	0.89185	True
V218L	V218L	2966.4	5211.5	2966.4	5211.5	0.81279	2.5204e+06	9.2358e+06	0.73877	0.72468	0.27532	0.55063	0.89185	True
F212V	F212V	3220.4	2024.6	3220.4	2024.6	-0.66937	7.1504e+05	1.0891e+07	0.73168	0.23218	0.76782	0.46436	0.89185	False
R202R	R202R	2055.4	1298.1	2055.4	1298.1	-0.66262	2.8677e+05	4.4251e+06	0.72732	0.23352	0.76648	0.46703	0.89185	False
T211I	T211I	1553.4	988.37	1553.4	988.37	-0.65175	1.5961e+05	2.5235e+06	0.72043	0.23563	0.76437	0.47126	0.89185	False
D208N	D208N	2477.6	1615.7	2477.6	1615.7	-0.61653	3.715e+05	6.4365e+06	0.69829	0.2425	0.7575	0.48499	0.89185	False
R213L	R213L	17213	11247	17213	11247	-0.61389	1.7795e+07	3.1419e+08	0.69766	0.2427	0.7573	0.48539	0.89185	False
H214Q	H214Q	2431.7	1591.3	2431.7	1591.3	-0.61142	3.531e+05	6.1992e+06	0.69503	0.24352	0.75648	0.48704	0.89185	False
R213HfsTer35	R213HfsTer35	1.2098	0	1.2098	0	-1.1439	0.73179	2.675	0.69336	0.24404	0.75596	0.48809	0.89185	False
H214IfsTer33	H214IfsTer33	0	0.87004	1.2098	0.87004	-0.24084	0.37848	2.675	0.69336	0.24404	0.75596	0.48809	0.89185	False
I195F	I195F	284.3	186.19	284.3	186.19	-0.60798	4812.8	83903	0.69329	0.24406	0.75594	0.48813	0.89185	False
R202C	R202C	11071	7331.8	11071	7331.8	-0.59444	6.9896e+06	1.2963e+08	0.68497	0.24668	0.75332	0.49336	0.89185	False
V203M	V203M	1680.4	1131.1	1680.4	1131.1	-0.57071	1.5088e+05	2.9543e+06	0.6687	0.25184	0.74816	0.50369	0.89185	False
V217M	V217M	35698	24106	35698	24106	-0.56643	6.7188e+07	1.3573e+09	0.6677	0.25216	0.74784	0.50433	0.89185	False
S215C	S215C	2481.3	1675.7	2481.3	1675.7	-0.56603	3.2447e+05	6.4554e+06	0.66582	0.25276	0.74724	0.50553	0.89185	False
L206L	L206L	3549.5	2399.6	3549.5	2399.6	-0.56465	6.6117e+05	1.3237e+07	0.66509	0.253	0.747	0.50599	0.89185	False
A189P	A189P	1048.9	1761	1048.9	1761	0.74696	2.5353e+05	1.1482e+06	0.66454	0.69723	0.30277	0.60555	0.89185	True
WT	WT	1.4045e+07	9.5951e+06	1.4045e+07	9.5951e+06	-0.54971	9.9018e+12	2.1779e+14	0.66114	0.25426	0.74574	0.50852	0.89185	False
N210N	N210N	1601.8	1087.5	1601.8	1087.5	-0.55814	1.322e+05	2.6836e+06	0.6605	0.25446	0.74554	0.50893	0.89185	False
R213G	R213G	387.13	262.75	387.13	262.75	-0.55736	7735	1.5572e+05	0.66011	0.25459	0.74541	0.50918	0.89185	False
R213P	R213P	6097.3	4145.7	6097.3	4145.7	-0.55643	1.9043e+06	3.9184e+07	0.66005	0.25461	0.74539	0.50922	0.89185	False
G199E	G199E	1615.1	1098.9	1615.1	1098.9	-0.55516	1.3323e+05	2.7285e+06	0.65856	0.25509	0.74491	0.51018	0.89185	False
E204Ter	E204Ter	1936.9	1322.5	1936.9	1322.5	-0.55015	1.8874e+05	3.928e+06	0.65535	0.25612	0.74388	0.51224	0.89185	False
H214R	H214R	21102	14449	21102	14449	-0.54642	2.2134e+07	4.728e+08	0.65433	0.25645	0.74355	0.5129	0.89185	False
S215G	S215G	28823	19771	28823	19771	-0.54383	4.0972e+07	8.8371e+08	0.65286	0.25692	0.74308	0.51385	0.89185	False
R213DfsTer34	R213DfsTer34	717.4	491.57	717.4	491.57	-0.54445	25499	5.3614e+05	0.65141	0.25739	0.74261	0.51478	0.89185	False
V216M	V216M	10825	7444.1	10825	7444.1	-0.54016	5.7158e+06	1.2393e+08	0.64979	0.25791	0.74209	0.51583	0.89185	False
R213Q	R213Q	1.0757e+05	74155	1.0757e+05	74155	-0.53668	5.5836e+08	1.2407e+10	0.64912	0.25813	0.74187	0.51626	0.89185	False
H214L	H214L	1851	1273.7	1851	1273.7	-0.53886	1.666e+05	3.5865e+06	0.64793	0.25852	0.74148	0.51703	0.89185	False
S215I	S215I	7280.5	5018.4	7280.5	5018.4	-0.53672	2.5585e+06	5.5924e+07	0.64728	0.25873	0.74127	0.51745	0.89185	False
L194F	L194F	7454.7	5176.7	7454.7	5176.7	-0.52602	2.5945e+06	5.8641e+07	0.64025	0.261	0.739	0.52201	0.89185	False
P223T	P223T	1703.4	2815.4	1703.4	2815.4	0.72464	6.1836e+05	3.0359e+06	0.63825	0.68696	0.31304	0.62607	0.89185	True
R213Ter	R213Ter	15463	10816	15463	10816	-0.51561	1.0798e+07	2.5341e+08	0.63387	0.26308	0.73692	0.52616	0.89185	False
S215N	S215N	22718	15912	22718	15912	-0.51371	2.3163e+07	5.4824e+08	0.63289	0.2634	0.7366	0.5268	0.89185	False
L194L	L194L	3792.7	2653.6	3792.7	2653.6	-0.51509	6.4871e+05	1.5119e+07	0.6326	0.2635	0.7365	0.52699	0.89185	False
F212Y	F212Y	15044	10550	15044	10550	-0.51186	1.0096e+07	2.398e+08	0.63137	0.2639	0.7361	0.5278	0.89185	False
H193Y	H193Y	4159.2	2917.2	4159.2	2917.2	-0.51156	7.7127e+05	1.8192e+07	0.63032	0.26424	0.73576	0.52848	0.89185	False
T211P	T211P	157.27	110.5	157.27	110.5	-0.50542	1094	25655	0.62703	0.26532	0.73468	0.53064	0.89185	False
R209Ter	R209Ter	79.846	56.553	79.846	56.553	-0.49029	271.28	6625.3	0.61948	0.2678	0.7322	0.5356	0.89185	False
T211A	T211A	1520.7	1078.8	1520.7	1078.8	-0.49485	97614	2.4182e+06	0.61865	0.26807	0.73193	0.53615	0.89185	False
D207G	D207G	1567.9	1117.1	1567.9	1117.1	-0.48864	1.0159e+05	2.571e+06	0.6145	0.26944	0.73056	0.53888	0.89185	False
D208V	D208V	179.05	127.9	179.05	127.9	-0.48217	1308.3	33253	0.61103	0.27059	0.72941	0.54118	0.89185	False
Y205H	Y205H	1336.8	957.04	1336.8	957.04	-0.48171	72111	1.8674e+06	0.60978	0.271	0.729	0.54201	0.89185	False
V218M	V218M	9629.9	6968.1	9629.9	6968.1	-0.46668	3.5424e+06	9.8002e+07	0.60084	0.27397	0.72603	0.54795	0.89185	False
L206WfsTer41	L206WfsTer41	241.96	174.88	241.96	174.88	-0.46612	2249.8	60749	0.59961	0.27438	0.72562	0.54876	0.89185	False
D208G	D208G	1971.9	1435.6	1971.9	1435.6	-0.45773	1.4385e+05	4.072e+06	0.59373	0.27635	0.72365	0.55269	0.89185	False
H214D	H214D	204.45	148.78	204.45	148.78	-0.456	1549.9	43364	0.59294	0.27661	0.72339	0.55322	0.89185	False
P190L	P190L	27781	20289	27781	20289	-0.45338	2.8066e+07	8.2081e+08	0.59264	0.27671	0.72329	0.55342	0.89185	False
R196Ter	R196Ter	26110	19187	26110	19187	-0.44443	2.3961e+07	7.2472e+08	0.5865	0.27877	0.72123	0.55754	0.89185	False
R209T	R209T	360.51	265.36	360.51	265.36	-0.44067	4527	1.3502e+05	0.58183	0.28034	0.71966	0.56068	0.89185	False
P222P	P222P	33766	25035	33766	25035	-0.4316	3.8114e+07	1.214e+09	0.57795	0.28165	0.71835	0.5633	0.89185	False
Y205C	Y205C	1621.1	1211.1	1621.1	1211.1	-0.42037	84055	2.749e+06	0.56802	0.28501	0.71499	0.57002	0.89185	False
E221K	E221K	3717.7	2832	3717.7	2832	-0.39246	3.9222e+05	1.4525e+07	0.54918	0.29144	0.70856	0.58288	0.89185	False
P191S	P191S	4298.4	3283.5	4298.4	3283.5	-0.38843	5.1494e+05	1.9433e+07	0.54647	0.29237	0.70763	0.58474	0.89185	False
P190S	P190S	6071.9	4677.3	6071.9	4677.3	-0.37639	9.724e+05	3.8857e+07	0.5383	0.29519	0.70481	0.59037	0.89185	False
V203L	V203L	1795.3	1387.7	1795.3	1387.7	-0.37129	83070	3.3735e+06	0.53382	0.29673	0.70327	0.59347	0.89185	False
N210TfsTer37	N210TfsTer37	111.3	86.134	111.3	86.134	-0.36605	316.66	12855	0.53136	0.29758	0.70242	0.59517	0.89185	False
L194H	L194H	319.38	491.57	319.38	491.57	0.62054	14825	1.0592e+05	0.52907	0.64342	0.35658	0.71316	0.89185	True
H214H	H214H	3446.7	2681.5	3446.7	2681.5	-0.36206	2.9277e+05	1.2479e+07	0.52776	0.29883	0.70117	0.59767	0.89185	False
G199EfsTer48	G199EfsTer48	220.18	337.58	220.18	337.58	0.61425	6890.8	50298	0.52345	0.64113	0.35887	0.71773	0.89185	True
V216L	V216L	4165.3	3279.2	4165.3	3279.2	-0.34498	3.9259e+05	1.8245e+07	0.51578	0.303	0.697	0.60601	0.89185	False
E204G	E204G	1436	1147.6	1436	1147.6	-0.32322	41596	2.1557e+06	0.4994	0.30875	0.69125	0.6175	0.89185	False
G187D	G187D	1641.7	1325.9	1641.7	1325.9	-0.30794	49844	2.8194e+06	0.48844	0.31262	0.68738	0.62523	0.89185	False
R196Q	R196Q	4991.6	4199.7	4991.6	4199.7	-0.24916	3.1354e+05	2.623e+07	0.44621	0.32772	0.67228	0.65544	0.89185	False
H214P	H214P	492.38	415.88	492.38	415.88	-0.24307	2926.3	2.5214e+05	0.44	0.32997	0.67003	0.65994	0.89185	False
V217G	V217G	1974.4	2859.8	1974.4	2859.8	0.53431	3.9202e+05	4.0821e+06	0.43826	0.60443	0.39557	0.79113	0.94773	True
V197L	V197L	1900.6	2740.6	1900.6	2740.6	0.52784	3.5285e+05	3.7818e+06	0.43197	0.60172	0.39828	0.79656	0.94773	True
S215R	S215R	2302.2	1962.8	2302.2	1962.8	-0.22999	57598	5.5551e+06	0.4312	0.33316	0.66684	0.66633	0.89185	False
Y220C	Y220C	11008	9419.9	11008	9419.9	-0.22472	1.2607e+06	1.2816e+08	0.42874	0.33406	0.66594	0.66811	0.89185	False
E198Ter	E198Ter	1680.4	2406.5	1680.4	2406.5	0.5179	2.6364e+05	2.9543e+06	0.42247	0.59762	0.40238	0.80477	0.95056	True
H193N	H193N	2354.2	2029.8	2354.2	2029.8	-0.21382	52628	5.8097e+06	0.41903	0.3376	0.6624	0.67519	0.89185	False
P191H	P191H	2685.7	2323	2685.7	2323	-0.20923	65779	7.5665e+06	0.41568	0.33882	0.66118	0.67765	0.89185	False
A189D	A189D	2801.9	2437.9	2801.9	2437.9	-0.2007	66249	8.237e+06	0.40924	0.34118	0.65882	0.68236	0.89185	False
V197M	V197M	1370.7	1941.1	1370.7	1941.1	0.50164	1.6266e+05	1.9635e+06	0.40704	0.59093	0.40907	0.81815	0.95256	True
L194I	L194I	2321.6	2023.7	2321.6	2023.7	-0.19801	44360	5.6491e+06	0.40702	0.342	0.658	0.684	0.89185	False
L194P	L194P	3700.7	3243.5	3700.7	3243.5	-0.1902	1.0452e+05	1.4393e+07	0.40151	0.34402	0.65598	0.68804	0.89185	False
G199Ter	G199Ter	1928.4	1705.3	1928.4	1705.3	-0.17729	24890	3.8937e+06	0.39099	0.3479	0.6521	0.6958	0.89185	False
H193D	H193D	1033.2	913.54	1033.2	913.54	-0.17733	7153.5	1.1139e+06	0.39048	0.34809	0.65191	0.69618	0.89185	False
Q192Ter	Q192Ter	3283.3	2923.3	3283.3	2923.3	-0.1675	64805	1.1321e+07	0.38397	0.3505	0.6495	0.701	0.89185	False
Y205Ter	Y205Ter	298.82	267.1	298.82	267.1	-0.1613	502.89	92703	0.37744	0.35292	0.64708	0.70585	0.89185	False
H193R	H193R	1518.3	1361.6	1518.3	1361.6	-0.15701	12272	2.4105e+06	0.37509	0.3538	0.6462	0.70759	0.89185	False
E198D	E198D	682.32	937.03	682.32	937.03	0.45708	32440	4.8487e+05	0.3658	0.57288	0.42712	0.85425	0.96434	True
V216E	V216E	1353.7	1226.8	1353.7	1226.8	-0.142	8063.2	1.9152e+06	0.36328	0.3582	0.6418	0.71639	0.89185	False
E198E	E198E	1790.5	2454.4	1790.5	2454.4	0.4548	2.2038e+05	3.3553e+06	0.36244	0.57107	0.42893	0.85785	0.96434	True
E204D	E204D	2262.3	2060.3	2262.3	2060.3	-0.1349	20410	5.3635e+06	0.35822	0.36009	0.63991	0.72018	0.89185	False
D208E	D208E	1736	1580.9	1736	1580.9	-0.135	12040	3.1538e+06	0.35804	0.36016	0.63984	0.72031	0.89185	False
P219H	P219H	2129.2	1943.7	2129.2	1943.7	-0.13148	17214	4.7495e+06	0.35547	0.36112	0.63888	0.72223	0.89185	False
H193P	H193P	462.14	627.3	462.14	627.3	0.44001	13639	2.2206e+05	0.35049	0.56613	0.43387	0.86773	0.96877	True
P190T	P190T	2694.2	2503.1	2694.2	2503.1	-0.10609	18256	7.6144e+06	0.33567	0.36856	0.63144	0.73712	0.89972	False
V218V	V218V	6432.4	5998.9	6432.4	5998.9	-0.10064	93955	4.3623e+07	0.33232	0.36982	0.63018	0.73965	0.89972	False
H214LfsTer33	H214LfsTer33	1.2098	1.7401	1.2098	1.7401	0.31031	0.14061	2.675	0.32423	0.5159	0.4841	0.96821	0.98226	True
R209KfsTer6	R209KfsTer6	1.2098	1.7401	1.2098	1.7401	0.31031	0.14061	2.675	0.32423	0.5159	0.4841	0.96821	0.98226	True
R213LfsTer3	R213LfsTer3	0	1.7401	1.2098	1.7401	0.31031	1.5139	2.675	0.32423	0.5159	0.4841	0.96821	0.98226	True
I195T	I195T	14223	13515	14223	13515	-0.073679	2.5078e+05	2.1429e+08	0.31171	0.37763	0.62237	0.75526	0.91191	False
Y205F	Y205F	106.46	140.08	106.46	140.08	0.39267	565	11763	0.30994	0.54794	0.45206	0.90411	0.98226	True
R196L	R196L	2691.8	3501.9	2691.8	3501.9	0.37947	3.2817e+05	7.6007e+06	0.29386	0.53991	0.46009	0.92018	0.98226	True
P190LfsTer57	P190LfsTer57	573.44	743.01	573.44	743.01	0.37318	14378	3.422e+05	0.28988	0.53862	0.46138	0.92276	0.98226	True
V203E	V203E	117.35	146.17	117.35	146.17	0.31441	415.23	14288	0.24108	0.51637	0.48363	0.96727	0.98226	True
H193L	H193L	147.59	180.97	147.59	180.97	0.29232	556.94	22596	0.22203	0.50754	0.49246	0.98491	0.98491	True
V217E	V217E	879.51	1042.3	879.51	1042.3	0.24475	13251	8.066e+05	0.18126	0.48812	0.51188	0.97623	0.98226	True
P222L	P222L	3353.5	3961.3	3353.5	3961.3	0.24023	1.847e+05	1.1812e+07	0.17684	0.4855	0.5145	0.971	0.98226	True
E221Ter	E221Ter	2050.6	2417.8	2050.6	2417.8	0.23758	67440	4.4042e+06	0.175	0.48484	0.51516	0.96968	0.98226	True
P190P	P190P	1805	2092.4	1805	2092.4	0.21309	41314	3.4101e+06	0.15566	0.47579	0.52421	0.95158	0.98226	True
P219S	P219S	2517.6	2865.9	2517.6	2865.9	0.1869	60675	6.6462e+06	0.13512	0.46595	0.53405	0.93189	0.98226	True
V218PfsTer392	V218PfsTer392	222.6	248.83	222.6	248.83	0.16004	344.05	51410	0.11569	0.45757	0.54243	0.91515	0.98226	True
L206Ter	L206Ter	117.35	129.64	117.35	129.64	0.14251	75.486	14288	0.10279	0.45146	0.54854	0.90292	0.98226	True
P219L	P219L	2827.3	3103.4	2827.3	3103.4	0.13441	38135	8.3875e+06	0.095359	0.44704	0.55296	0.89407	0.98226	True
Y205N	Y205N	101.62	111.37	101.62	111.37	0.13086	47.467	10720	0.094107	0.44731	0.55269	0.89461	0.98226	True
E204Q	E204Q	731.92	768.25	731.92	768.25	0.069791	659.83	5.5811e+05	0.048626	0.42538	0.57462	0.85075	0.96434	True
E224K	E224K	3008.7	3138.2	3008.7	3138.2	0.060779	8385.9	9.5021e+06	0.042013	0.4216	0.5784	0.84319	0.96434	True
V217A	V217A	4161.6	4276.2	4161.6	4276.2	0.03918	6566	1.8213e+07	0.026852	0.4142	0.5858	0.82841	0.95766	True
Y220H	Y220H	13680	13842	13680	13842	0.016995	13141	1.9819e+08	0.011516	0.40628	0.59372	0.81256	0.95256	True
