sgrna	Gene	control_count	treatment_count	control_mean	treat_mean	LFC	control_var	adj_var	score	p.low	p.high	p.twosided	FDR	high_in_treatment
R196PfsTer13	R196PfsTer13	9.1781	469.94	9.1781	469.94	5.532	1.0615e+05	114.31	43.095	1	0	0	0	True
P222RfsTer25	P222RfsTer25	214.77	11553	214.77	11553	5.7428	6.4282e+07	79112	40.312	1	0	0	0	True
Y220EfsTer389	Y220EfsTer389	34.877	897.36	34.877	897.36	4.6462	3.7194e+05	1769.8	20.502	1	1.3079e-93	2.6158e-93	1.4212e-91	True
P191QfsTer392	P191QfsTer392	60.576	1385.8	60.576	1385.8	4.4933	8.7815e+05	5591.1	17.724	1	1.7436e-70	3.4873e-70	1.4211e-68	True
P219Ter	P219Ter	0	41.433	1.8356	41.433	3.9035	858.36	5.4161	17.015	1	4.0649e-65	8.1297e-65	2.6503e-63	True
E198_G198del	E198_G198del	152.36	3382.8	152.36	3382.8	4.4637	5.2179e+06	38518	16.46	1	4.5419e-61	9.0837e-61	2.4677e-59	True
G187VfsTer60	G187VfsTer60	78.932	1451.3	78.932	1451.3	4.1834	9.4163e+05	9721	13.919	1	3.0892e-44	6.1784e-44	1.4387e-42	True
L201IfsTer8	L201IfsTer8	12.849	221.89	12.849	221.89	4.0084	21848	225.97	13.906	1	3.6256e-44	7.2511e-44	1.4774e-42	True
V218CfsTer29	V218CfsTer29	126.66	2287.6	126.66	2287.6	4.1641	2.3347e+06	26156	13.361	1	6.4963e-41	1.2993e-40	2.3531e-39	True
E224A	E224A	1485	28357	1485	28357	4.2542	3.6106e+08	4.578e+06	12.559	1	2.3365e-36	4.673e-36	7.617e-35	True
R196P	R196P	2204.6	42594	2204.6	42594	4.2715	8.1567e+08	1.0495e+07	12.468	1	7.4425e-36	1.4885e-35	2.2057e-34	True
V197G	V197G	624.11	11014	624.11	11014	4.1392	5.3971e+07	7.4187e+05	12.062	1	1.0903e-33	2.1807e-33	2.9621e-32	True
P219VfsTer30	P219VfsTer30	47.726	732.17	47.726	732.17	3.9114	2.3423e+05	3400	11.738	1	5.1196e-32	1.0239e-31	1.2838e-30	True
Y220S	Y220S	1187.7	17636	1187.7	17636	3.8912	1.3528e+08	2.8637e+06	9.7201	1	1.6317e-22	3.2633e-22	3.7995e-21	True
P219GfsTer29	P219GfsTer29	449.73	5660.5	449.73	5660.5	3.6509	1.3576e+07	3.7293e+05	8.5328	1	9.2876e-18	1.8575e-17	2.0185e-16	True
R196G	R196G	1029.8	12917	1029.8	12917	3.6476	7.0657e+07	2.1227e+06	8.1593	1	2.2164e-16	4.4327e-16	4.5158e-15	True
P190R	P190R	982.06	11773	982.06	11773	3.5822	5.8223e+07	1.9214e+06	7.7849	1	4.5851e-15	9.1702e-15	8.7926e-14	True
V218_P219insR	V218_P219insR	954.53	10869	954.53	10869	3.5079	4.9144e+07	1.81e+06	7.369	1	1.1294e-13	2.2588e-13	2.0454e-12	True
P219AfsTer3	P219AfsTer3	728.74	8025	728.74	8025	3.4592	2.6617e+07	1.0271e+06	7.1993	1	3.9624e-13	7.9248e-13	6.7986e-12	True
V197E	V197E	559.87	6011.6	559.87	6011.6	3.4223	1.4861e+07	5.9061e+05	7.094	1	8.4976e-13	1.6995e-12	1.3851e-11	True
N200Y	N200Y	194.58	1897.2	194.58	1897.2	3.2788	1.4495e+06	64318	6.7136	1	1.2195e-11	2.4389e-11	1.8931e-10	True
V218_P219insRG	V218_P219insRG	108.3	843.93	108.3	843.93	2.9505	2.7057e+05	18844	5.3589	1	5.3349e-08	1.067e-07	7.9054e-07	True
V218G	V218G	848.06	7132	848.06	7132	3.0706	1.9744e+07	1.4121e+06	5.2881	1	8.1064e-08	1.6213e-07	1.149e-06	True
L201CfsTer46	L201CfsTer46	110.14	837.93	110.14	837.93	2.9162	2.6484e+05	19519	5.2093	1	1.2075e-07	2.4151e-07	1.6402e-06	True
F212SfsTer3	F212SfsTer3	0	13.629	1.8356	13.629	2.3671	92.88	5.4161	5.0677	1	2.5654e-07	5.1309e-07	3.3453e-06	True
Y220D	Y220D	994.91	7371.8	994.91	7371.8	2.8881	2.0333e+07	1.9745e+06	4.5382	1	3.7308e-06	7.4616e-06	4.6778e-05	True
L194V	L194V	938.01	6778.2	938.01	6778.2	2.8519	1.7054e+07	1.7449e+06	4.4212	0.99999	6.4473e-06	1.2895e-05	7.7846e-05	True
I195S	I195S	337.76	2308.3	337.76	2308.3	2.7691	1.9415e+06	2.045e+05	4.3574	0.99999	8.5187e-06	1.7037e-05	9.9181e-05	True
Y220MfsTer27	Y220MfsTer27	271.67	1734.7	271.67	1734.7	2.6703	1.0703e+06	1.2952e+05	4.0654	0.99997	3.0944e-05	6.1888e-05	0.00034785	True
P219R	P219R	1149.1	7225.2	1149.1	7225.2	2.6515	1.8459e+07	2.672e+06	3.7171	0.99987	0.00013276	0.00026552	0.0014164	True
Y220Ter	Y220Ter	1147.3	7207.2	1147.3	7207.2	2.6502	1.8361e+07	2.6631e+06	3.7135	0.99987	0.00013469	0.00026938	0.0014164	True
H214QfsTer7	H214QfsTer7	7.3425	35.982	7.3425	35.982	2.1483	410.1	73.145	3.3486	0.9995	0.00050465	0.0010093	0.0051411	True
V218E	V218E	638.8	3560	638.8	3560	2.4766	4.2667e+06	7.7898e+05	3.3098	0.99939	0.00060999	0.00122	0.0060259	True
P190A	P190A	624.11	3420.4	624.11	3420.4	2.4524	3.9097e+06	7.4187e+05	3.2466	0.99924	0.00076282	0.0015256	0.0073141	True
Y205D	Y205D	315.73	1476.9	315.73	1476.9	2.2222	6.7413e+05	1.7752e+05	2.7559	0.99621	0.003785	0.00757	0.035255	True
L188Q	L188Q	286.36	1239.7	286.36	1239.7	2.1103	4.5446e+05	1.4464e+05	2.5068	0.99213	0.0078679	0.015736	0.070078	True
Q192L	Q192L	1620.9	7490.2	1620.9	7490.2	2.2075	1.7224e+07	5.5016e+06	2.5023	0.99183	0.0081686	0.016337	0.070078	True
H214LfsTer33	H214LfsTer33	1.8356	7.6324	1.8356	7.6324	1.6061	16.802	5.4161	2.4908	0.99188	0.0081185	0.016237	0.070078	True
L194R	L194R	458.91	1922.3	458.91	1922.3	2.0642	1.0707e+06	3.8909e+05	2.346	0.98766	0.012336	0.024673	0.10312	True
P223L	P223L	2171.5	9565.1	2171.5	9565.1	2.1385	2.7332e+07	1.0167e+07	2.3187	0.98643	0.013568	0.027136	0.11058	True
R209KfsTer6	R209KfsTer6	1.8356	7.0873	1.8356	7.0873	1.512	13.79	5.4161	2.2566	0.98469	0.015311	0.030621	0.12174	True
E224D	E224D	4146.7	17684	4146.7	17684	2.0921	9.1627e+07	3.9546e+07	2.1527	0.97897	0.021031	0.042063	0.16324	True
L201Ter	L201Ter	80.768	284.04	80.768	284.04	1.8015	20659	10200	2.0127	0.97199	0.02801	0.05602	0.21236	True
E224Ter	E224Ter	3421.6	13449	3421.6	13449	1.9745	5.0279e+07	2.6413e+07	1.9512	0.96585	0.034151	0.068302	0.25303	True
Y220N	Y220N	815.02	2935.2	815.02	2935.2	1.8473	2.2476e+06	1.2991e+06	1.8602	0.9588	0.041205	0.082409	0.2985	True
I195L	I195L	1420.8	5112.1	1420.8	5112.1	1.8465	6.8129e+06	4.172e+06	1.8072	0.95326	0.046738	0.093476	0.33123	True
P223T	P223T	2584.6	9095.7	2584.6	9095.7	1.8149	2.1197e+07	1.4655e+07	1.7009	0.9407	0.059297	0.11859	0.41129	True
N200IfsTer47	N200IfsTer47	245.97	768.7	245.97	768.7	1.6399	1.3662e+05	1.0515e+05	1.612	0.93108	0.068923	0.13785	0.41731	True
Y205S	Y205S	211.1	637.31	211.1	637.31	1.5895	90828	76303	1.543	0.92102	0.078983	0.15797	0.41731	True
WT	WT	2.1311e+07	6.285e+06	2.1311e+07	6.285e+06	-1.7616	1.1289e+14	2.4538e+15	1.4686	0.070965	0.92903	0.14193	0.41731	False
I195N	I195N	442.39	1307.3	442.39	1307.3	1.5611	3.7406e+05	3.6027e+05	1.441	0.9028	0.097197	0.19439	0.41731	True
V216G	V216G	1547.4	4681.4	1547.4	4681.4	1.5964	4.9109e+06	4.9913e+06	1.4028	0.89369	0.10631	0.21262	0.41731	True
R202C	R202C	16798	4878.8	16798	4878.8	-1.7835	7.1032e+07	7.4628e+08	1.3732	0.084846	0.91515	0.16969	0.41731	False
E198D	E198D	1035.3	3041.5	1035.3	3041.5	1.5538	2.0125e+06	2.1466e+06	1.3693	0.88758	0.11242	0.22483	0.41863	True
N210N	N210N	2430.4	692.37	2430.4	692.37	-1.8101	1.5103e+06	1.2879e+07	1.3626	0.086509	0.91349	0.17302	0.41731	False
R202R	R202R	3118.7	898.99	3118.7	898.99	-1.7934	2.4636e+06	2.1742e+07	1.3584	0.087174	0.91283	0.17435	0.41731	False
V203E	V203E	178.06	490.11	178.06	490.11	1.4556	48689	53400	1.3504	0.88654	0.11346	0.22693	0.41863	True
V197M	V197M	2079.8	6183.4	2079.8	6183.4	1.5715	8.4198e+06	9.2858e+06	1.3467	0.88167	0.11833	0.23665	0.4239	True
R213Ter	R213Ter	23463	7213.2	23463	7213.2	-1.7015	1.3203e+08	1.5055e+09	1.3447	0.089361	0.91064	0.17872	0.41731	False
T211I	T211I	2356.9	695.64	2356.9	695.64	-1.759	1.38e+06	1.2076e+07	1.3417	0.08985	0.91015	0.1797	0.41731	False
F212V	F212V	4886.4	1462.2	4886.4	1462.2	-1.74	5.8629e+06	5.5821e+07	1.3416	0.089868	0.91013	0.17974	0.41731	False
F212Y	F212Y	22826	7056.2	22826	7056.2	-1.6936	1.2434e+08	1.4209e+09	1.3412	0.089935	0.91006	0.17987	0.41731	False
R213Q	R213Q	1.6322e+05	52855	1.6322e+05	52855	-1.6267	6.0904e+09	8.8443e+10	1.3411	0.089943	0.91006	0.17989	0.41731	False
L194F	L194F	11311	3463.5	11311	3463.5	-1.7072	3.0793e+07	3.2527e+08	1.338	0.090456	0.90954	0.18091	0.41731	False
S215G	S215G	43734	13858	43734	13858	-1.658	4.4629e+08	5.5663e+09	1.3353	0.090885	0.90911	0.18177	0.41731	False
L194L	L194L	5754.7	1762	5754.7	1762	-1.707	7.9708e+06	7.8696e+07	1.33	0.09176	0.90824	0.18352	0.41731	False
R213P	R213P	9251.6	2900.9	9251.6	2900.9	-1.6729	2.0166e+07	2.1327e+08	1.3216	0.093143	0.90686	0.18629	0.41731	False
H214R	H214R	32019	10317	32019	10317	-1.6337	2.3548e+08	2.8921e+09	1.3214	0.093185	0.90682	0.18637	0.41731	False
R213L	R213L	26117	8385.9	26117	8385.9	-1.6389	1.572e+08	1.8854e+09	1.3208	0.093285	0.90672	0.18657	0.41731	False
R213G	R213G	587.4	178.27	587.4	178.27	-1.7146	83693	6.5322e+05	1.3115	0.094837	0.90516	0.18967	0.41731	False
S215N	S215N	34471	11354	34471	11354	-1.6021	2.6721e+08	3.3769e+09	1.3095	0.095177	0.90482	0.19035	0.41731	False
V217M	V217M	54166	18159	54166	18159	-1.5767	6.4825e+08	8.723e+09	1.3053	0.095893	0.90411	0.19179	0.41731	False
T211NfsTer5	T211NfsTer5	3.6713	1.0903	3.6713	1.0903	-1.1601	3.3305	19.021	1.3029	0.096301	0.9037	0.1926	0.41731	False
L206L	L206L	5385.7	1735.8	5385.7	1735.8	-1.6329	6.6609e+06	6.8474e+07	1.2989	0.096987	0.90301	0.19397	0.41731	False
T211P	T211P	238.63	75.779	238.63	75.779	-1.642	13260	98674	1.2762	0.10093	0.89907	0.20187	0.41731	False
H214L	H214L	2808.5	928.98	2808.5	928.98	-1.5951	1.7663e+06	1.7448e+07	1.2758	0.10101	0.89899	0.20203	0.41731	False
D208G	D208G	2992.1	993.31	2992.1	993.31	-1.5899	1.9975e+06	1.9929e+07	1.2743	0.10128	0.89872	0.20255	0.41731	False
E204Ter	E204Ter	2938.8	976.41	2938.8	976.41	-1.5887	1.9256e+06	1.9192e+07	1.2736	0.1014	0.8986	0.20279	0.41731	False
P190L	P190L	42153	14846	42153	14846	-1.5055	3.7286e+08	5.1523e+09	1.2725	0.10159	0.89841	0.20318	0.41731	False
T211A	T211A	2307.4	764.88	2307.4	764.88	-1.5917	1.1897e+06	1.1549e+07	1.2723	0.10164	0.89836	0.20328	0.41731	False
H193Y	H193Y	6310.9	2155.1	6310.9	2155.1	-1.5497	8.6354e+06	9.552e+07	1.2661	0.10274	0.89726	0.20549	0.41731	False
S215I	S215I	11047	3834.8	11047	3834.8	-1.5262	2.6007e+07	3.0951e+08	1.2632	0.10326	0.89674	0.20652	0.41731	False
R196Ter	R196Ter	39617	14370	39617	14370	-1.463	3.1869e+08	4.5226e+09	1.2539	0.10494	0.89506	0.20988	0.41731	False
D208N	D208N	3759.4	1299.7	3759.4	1299.7	-1.5316	3.025e+06	3.2186e+07	1.2523	0.10523	0.89477	0.21047	0.41731	False
I195F	I195F	431.37	143.93	431.37	143.93	-1.577	41313	3.417e+05	1.251	0.10547	0.89453	0.21093	0.41731	False
G199E	G199E	2450.6	855.38	2450.6	855.38	-1.5174	1.2723e+06	1.3105e+07	1.2414	0.10724	0.89276	0.21447	0.41731	False
G199V	G199V	52728	19848	52728	19848	-1.4096	5.4057e+08	8.244e+09	1.2355	0.10832	0.89168	0.21664	0.41731	False
D208V	D208V	271.67	92.68	271.67	92.68	-1.5414	16019	1.2952e+05	1.2329	0.10881	0.89119	0.21762	0.41731	False
S215C	S215C	3764.9	1393.5	3764.9	1393.5	-1.4333	2.8118e+06	3.2285e+07	1.2101	0.11313	0.88687	0.22625	0.41863	False
Y205H	Y205H	2028.4	753.43	2028.4	753.43	-1.4276	8.1273e+05	8.8105e+06	1.2003	0.11501	0.88499	0.23002	0.41863	False
V216M	V216M	16425	6399.8	16425	6399.8	-1.3597	5.0254e+07	7.1194e+08	1.1974	0.11557	0.88443	0.23114	0.41863	False
H214Q	H214Q	3689.6	1462.7	3689.6	1462.7	-1.3342	2.4796e+06	3.0945e+07	1.1663	0.12175	0.87825	0.24351	0.42712	False
R209Ter	R209Ter	121.15	45.795	121.15	45.795	-1.3843	2839.3	23831	1.1599	0.12305	0.87695	0.2461	0.42712	False
N210TfsTer37	N210TfsTer37	168.88	64.331	168.88	64.331	-1.3787	5465	47793	1.1577	0.12349	0.87651	0.24698	0.42712	False
R209T	R209T	547.02	213.71	547.02	213.71	-1.3518	55547	5.6251e+05	1.1529	0.12447	0.87553	0.24894	0.42712	False
V203M	V203M	2549.7	1057.1	2549.7	1057.1	-1.2694	1.1139e+06	1.4243e+07	1.1324	0.12873	0.87127	0.25745	0.43649	False
P222P	P222P	51234	23165	51234	23165	-1.1451	3.9394e+08	7.7611e+09	1.1196	0.13144	0.86856	0.26288	0.43649	False
V216L	V216L	6320.1	2742.2	6320.1	2742.2	-1.2043	6.4005e+06	9.5812e+07	1.1149	0.13245	0.86755	0.26491	0.43649	False
D208E	D208E	2634.1	1126.9	2634.1	1126.9	-1.2243	1.1359e+06	1.5251e+07	1.1122	0.13303	0.86697	0.26605	0.43649	False
V203L	V203L	2724.1	1173.2	2724.1	1173.2	-1.2146	1.2026e+06	1.6365e+07	1.1082	0.13389	0.86611	0.26778	0.43649	False
V218M	V218M	14612	6665.8	14612	6665.8	-1.1321	3.1567e+07	5.5685e+08	1.0941	0.13696	0.86304	0.27393	0.43926	False
H214IfsTer33	H214IfsTer33	0	4.3614	1.8356	4.3614	0.91894	9.5109	5.4161	1.0853	0.82304	0.17696	0.35393	0.50268	True
P190S	P190S	9213	4224.6	9213	4224.6	-1.1247	1.2442e+07	2.1141e+08	1.0837	0.13925	0.86075	0.2785	0.43926	False
R213DfsTer34	R213DfsTer34	1088.5	479.21	1088.5	479.21	-1.182	1.8563e+05	2.3848e+06	1.0815	0.13974	0.86026	0.27947	0.43926	False
H193N	H193N	3572.1	1614.3	3572.1	1614.3	-1.1454	1.9166e+06	2.8912e+07	1.0797	0.14013	0.85987	0.28027	0.43926	False
H214P	H214P	747.1	358.18	747.1	358.18	-1.0585	75630	1.0822e+06	1.0177	0.15442	0.84558	0.30884	0.47944	False
Y205C	Y205C	2459.7	1226.6	2459.7	1226.6	-1.0032	7.6027e+05	1.3208e+07	1.0065	0.15709	0.84291	0.31418	0.48085	False
H214D	H214D	310.22	149.38	310.22	149.38	-1.0493	12935	1.7109e+05	1.0034	0.15783	0.84217	0.31566	0.48085	False
D207G	D207G	2379	1201	2379	1201	-0.98549	6.9379e+05	1.2314e+07	0.99733	0.1593	0.8407	0.3186	0.48085	False
S215T	S215T	464.41	1083.8	464.41	1083.8	1.2209	1.9182e+05	3.9895e+05	0.98064	0.78751	0.21249	0.42498	0.5547	True
L194I	L194I	3522.6	1843.8	3522.6	1843.8	-0.93359	1.4092e+06	2.8076e+07	0.97759	0.16414	0.83586	0.32828	0.48718	False
E204D	E204D	3432.6	1808.3	3432.6	1808.3	-0.92427	1.3191e+06	2.6592e+07	0.97257	0.16538	0.83462	0.33077	0.48718	False
H214H	H214H	5229.7	2788.6	5229.7	2788.6	-0.90696	2.9796e+06	6.4374e+07	0.97058	0.16588	0.83412	0.33176	0.48718	False
E221K	E221K	5640.9	3044.8	5640.9	3044.8	-0.88936	3.3698e+06	7.5464e+07	0.96304	0.16776	0.83224	0.33553	0.48831	False
S215R	S215R	3493.2	1925.6	3493.2	1925.6	-0.85894	1.2288e+06	2.7587e+07	0.94007	0.17359	0.82641	0.34718	0.5008	False
E204G	E204G	2178.9	1213	2178.9	1213	-0.84447	4.6646e+05	1.0239e+07	0.92525	0.17742	0.82258	0.35483	0.50268	False
P191S	P191S	6522	3749.2	6522	3749.2	-0.79858	3.8443e+06	1.0235e+08	0.91969	0.17887	0.82113	0.35774	0.50268	False
L194P	L194P	5615.2	3261.2	5615.2	3261.2	-0.78373	2.7705e+06	7.4743e+07	0.90954	0.18153	0.81847	0.36307	0.50581	False
I195T	I195T	21581	13550	21581	13550	-0.67143	3.225e+07	1.2631e+09	0.87579	0.19057	0.80943	0.38114	0.52107	False
Y220C	Y220C	16702	10425	16702	10425	-0.6799	1.97e+07	7.374e+08	0.87537	0.19069	0.80931	0.38138	0.52107	False
H193R	H193R	2303.7	1379.8	2303.7	1379.8	-0.73904	4.2677e+05	1.151e+07	0.87126	0.19181	0.80819	0.38361	0.52107	False
H193Q	H193Q	464.41	1003.1	464.41	1003.1	1.1093	1.451e+05	3.9895e+05	0.85289	0.74398	0.25602	0.51205	0.64701	True
Q192Ter	Q192Ter	4981.9	3195.8	4981.9	3195.8	-0.64035	1.595e+06	5.8136e+07	0.83208	0.20268	0.79732	0.40536	0.54223	False
R213HfsTer35	R213HfsTer35	1.8356	0	1.8356	0	-1.5037	1.6848	5.4161	0.83124	0.20292	0.79708	0.40584	0.54223	False
G187D	G187D	2490.9	1599	2490.9	1599	-0.6392	3.9779e+05	1.3562e+07	0.81901	0.20639	0.79361	0.41278	0.54702	False
Y205F	Y205F	161.54	330.92	161.54	330.92	1.0301	14346	43541	0.81176	0.73293	0.26707	0.53413	0.65957	True
R196L	R196L	4084.3	9059.7	4084.3	9059.7	1.1492	1.2377e+07	3.8306e+07	0.80389	0.71727	0.28273	0.56546	0.693	True
P190T	P190T	4087.9	2729.1	4087.9	2729.1	-0.58275	9.2317e+05	3.8378e+07	0.79711	0.21269	0.78731	0.42538	0.5547	False
V218L	V218L	4501	9690.5	4501	9690.5	1.1062	1.3466e+07	4.6974e+07	0.75718	0.69842	0.30158	0.60316	0.70865	True
V218V	V218V	9760	7030.6	9760	7030.6	-0.47319	3.725e+06	2.3863e+08	0.75331	0.22563	0.77437	0.45126	0.58378	False
A189P	A189P	1591.5	3292.3	1591.5	3292.3	1.0483	1.4464e+06	5.2943e+06	0.73918	0.69567	0.30433	0.60866	0.70865	True
E198Ter	E198Ter	2549.7	5336.7	2549.7	5336.7	1.0653	3.8838e+06	1.4243e+07	0.7385	0.69334	0.30666	0.61333	0.70902	True
R196Q	R196Q	7573.8	5553.1	7573.8	5553.1	-0.44764	2.0415e+06	1.4011e+08	0.73371	0.23156	0.76844	0.46312	0.5944	False
V218PfsTer392	V218PfsTer392	337.76	669.47	337.76	669.47	0.98494	55019	2.045e+05	0.73353	0.70015	0.29985	0.59971	0.70865	True
G199EfsTer48	G199EfsTer48	334.08	658.03	334.08	658.03	0.97581	52469	1.9987e+05	0.7246	0.69666	0.30334	0.60669	0.70865	True
A189D	A189D	4251.3	3268.3	4251.3	3268.3	-0.37926	4.8314e+05	4.167e+07	0.68223	0.24755	0.75245	0.49509	0.63047	False
Y205Ter	Y205Ter	453.4	350.55	453.4	350.55	-0.37024	5289.3	3.7935e+05	0.63185	0.26374	0.73626	0.52749	0.6564	False
P191H	P191H	4075.1	3318.5	4075.1	3318.5	-0.29623	2.8623e+05	3.8125e+07	0.63177	0.26377	0.73623	0.52753	0.6564	False
L194H	L194H	484.61	868.46	484.61	868.46	0.84034	73673	4.3622e+05	0.58119	0.6349	0.3651	0.7302	0.8042	True
V197L	V197L	2883.8	5223.3	2883.8	5223.3	0.85679	2.7367e+06	1.8445e+07	0.54475	0.60888	0.39112	0.78224	0.8444	True
V217G	V217G	2995.7	5386.9	2995.7	5386.9	0.84632	2.8587e+06	1.9981e+07	0.53493	0.60415	0.39585	0.79171	0.849	True
Y205N	Y205N	154.19	129.75	154.19	129.75	-0.24723	298.69	39497	0.53245	0.29721	0.70279	0.59442	0.70865	False
Y220H	Y220H	20757	19876	20757	19876	-0.062588	3.8835e+05	1.1639e+09	0.52567	0.29956	0.70044	0.59912	0.70865	False
L206Ter	L206Ter	178.06	151.56	178.06	151.56	-0.23105	351.05	53400	0.52437	0.30001	0.69999	0.60002	0.70865	False
G199Ter	G199Ter	2926	2760.2	2926	2760.2	-0.084113	13740	1.9016e+07	0.48992	0.31209	0.68791	0.62419	0.7165	False
V217A	V217A	6314.6	6300	6314.6	6300	-0.003321	105.44	9.5636e+07	0.45593	0.32422	0.67578	0.64844	0.73913	False
P190LfsTer57	P190LfsTer57	870.09	1415.8	870.09	1415.8	0.70177	1.4891e+05	1.4902e+06	0.44705	0.57032	0.42968	0.85936	0.90124	True
E204Q	E204Q	1110.6	1072.4	1110.6	1072.4	-0.050447	729.48	2.4873e+06	0.44321	0.32881	0.67119	0.65761	0.74219	False
H193D	H193D	1567.6	1545.6	1567.6	1545.6	-0.020429	243.23	5.129e+06	0.4313	0.33312	0.66688	0.66625	0.74219	False
V216E	V216E	2054.1	3254.1	2054.1	3254.1	0.66354	7.201e+05	9.0465e+06	0.399	0.5417	0.4583	0.91659	0.92798	True
E224K	E224K	4565.2	7334.2	4565.2	7334.2	0.68385	3.8338e+06	4.8393e+07	0.39805	0.53599	0.46401	0.92801	0.93374	True
R213LfsTer3	R213LfsTer3	0	2.7259	1.8356	2.7259	0.39391	3.7152	5.4161	0.38253	0.55275	0.44725	0.8945	0.917	True
E198E	E198E	2716.7	3793.3	2716.7	3793.3	0.48144	5.7953e+05	1.6273e+07	0.26689	0.4734	0.5266	0.9468	0.9468	True
P190P	P190P	2738.8	3670.7	2738.8	3670.7	0.42239	4.3422e+05	1.6551e+07	0.22907	0.45382	0.54618	0.90765	0.92466	True
E221Ter	E221Ter	3111.4	4020.1	3111.4	4020.1	0.36957	4.1289e+05	2.1635e+07	0.19537	0.43526	0.56474	0.87053	0.9038	True
P219S	P219S	3819.9	4921.3	3819.9	4921.3	0.3654	6.0649e+05	3.3285e+07	0.1909	0.43127	0.56873	0.86254	0.90124	True
V217E	V217E	1334.5	1660.6	1334.5	1660.6	0.31519	53171	3.6578e+06	0.17051	0.42918	0.57082	0.85835	0.90124	True
H193L	H193L	223.95	272.04	223.95	272.04	0.27954	1156.6	86368	0.16365	0.44014	0.55986	0.88027	0.90813	True
H193P	H193P	701.21	860.29	701.21	860.29	0.29459	12653	9.4734e+05	0.16344	0.43079	0.56921	0.86158	0.90124	True
P222L	P222L	5088.4	5962.6	5088.4	5962.6	0.22869	3.8213e+05	6.0775e+07	0.11214	0.38716	0.61284	0.77432	0.84142	True
L206WfsTer41	L206WfsTer41	367.13	389.8	367.13	389.8	0.086232	257.06	2.436e+05	0.04594	0.37567	0.62433	0.75134	0.82193	True
P219L	P219L	4289.9	4362.5	4289.9	4362.5	0.024214	2637.2	4.2467e+07	0.011145	0.33467	0.66533	0.66934	0.74219	True
P219H	P219H	3230.7	3230.7	3230.7	3230.7	0	0	2.3414e+07	0	0.3314	0.6686	0.6628	0.74219	False
