id	num	neg|score	neg|p-value	neg|fdr	neg|rank	neg|goodsgrna	neg|lfc	pos|score	pos|p-value	pos|fdr	pos|rank	pos|goodsgrna	pos|lfc
G199V	1	0.0030675	0.0027582	0.449593	1	1	-2.6983	0.99693	0.99701	0.997012	163	0	-2.6983
T211NfsTer5	1	0.0092025	0.0086837	0.707724	2	1	-1.7738	0.9908	0.99084	0.996954	162	0	-1.7738
F212V	1	0.015337	0.015228	0.827371	3	1	-0.66937	0.98466	0.98485	0.996954	161	0	-0.66937
R202R	1	0.021472	0.021582	0.879472	4	1	-0.66262	0.97853	0.97852	0.996865	160	0	-0.66262
T211I	1	0.027607	0.027697	0.900894	5	1	-0.65175	0.97239	0.97271	0.996865	159	0	-0.65175
D208N	1	0.033742	0.033643	0.900894	6	1	-0.61653	0.96626	0.96676	0.996865	158	0	-0.61653
R213L	1	0.039877	0.039678	0.900894	7	1	-0.61389	0.96012	0.96048	0.996865	157	0	-0.61389
H214Q	1	0.046012	0.046172	0.900894	8	1	-0.61142	0.95399	0.95437	0.996865	156	0	-0.61142
H214IfsTer33	1	0.055215	0.05527	0.900894	9	1	-0.24084	0.94479	0.94503	0.993805	154	0	-0.24084
R213HfsTer35	1	0.055215	0.05527	0.900894	10	1	-1.1439	0.94479	0.94503	0.993805	155	0	-1.1439
I195F	1	0.064417	0.064846	0.960902	11	1	-0.60798	0.93558	0.93592	0.993805	153	0	-0.60798
R202C	1	0.070552	0.071001	0.964431	12	1	-0.59444	0.92945	0.92986	0.993805	152	0	-0.59444
V203M	1	0.076687	0.077136	0.967167	13	0	-0.57071	0.92331	0.92393	0.993805	151	0	-0.57071
V217M	1	0.082822	0.083311	0.968726	14	0	-0.56643	0.91718	0.9178	0.993805	150	0	-0.56643
S215C	1	0.088957	0.089147	0.968726	15	0	-0.56603	0.91104	0.9117	0.993805	149	0	-0.56603
L206L	1	0.095092	0.095631	0.974238	16	0	-0.56465	0.90491	0.90598	0.993805	148	0	-0.56465
WT	1	0.10123	0.10201	0.976954	17	0	-0.54971	0.89877	0.89971	0.993805	147	0	-0.54971
N210N	1	0.10736	0.10798	0.976954	18	0	-0.55814	0.89264	0.89375	0.993805	146	0	-0.55814
R213G	1	0.1135	0.114	0.976954	19	0	-0.55736	0.8865	0.88747	0.993805	145	0	-0.55736
R213P	1	0.11963	0.12022	0.976954	20	0	-0.55643	0.88037	0.88112	0.993805	144	0	-0.55643
G199E	1	0.12577	0.12641	0.976954	21	0	-0.55516	0.87423	0.87497	0.993805	143	0	-0.55516
E204Ter	1	0.1319	0.13236	0.976954	22	0	-0.55015	0.8681	0.86908	0.993805	142	0	-0.55015
H214R	1	0.13804	0.13847	0.976954	23	0	-0.54642	0.86196	0.86302	0.993805	141	0	-0.54642
S215G	1	0.14417	0.14464	0.976954	24	0	-0.54383	0.85583	0.85657	0.993805	140	0	-0.54383
R213DfsTer34	1	0.15031	0.15035	0.976954	25	0	-0.54445	0.84969	0.85058	0.993805	139	0	-0.54445
V216M	1	0.15644	0.15583	0.976954	26	0	-0.54016	0.84356	0.84441	0.993805	138	0	-0.54016
R213Q	1	0.16258	0.1622	0.979193	27	0	-0.53668	0.83742	0.83841	0.993805	137	0	-0.53668
H214L	1	0.16871	0.16869	0.98019	28	0	-0.53886	0.83129	0.83205	0.993805	136	0	-0.53886
S215I	1	0.17485	0.17486	0.98019	29	0	-0.53672	0.82515	0.82609	0.993805	135	0	-0.53672
L194F	1	0.18098	0.1804	0.98019	30	0	-0.52602	0.81902	0.82026	0.993805	134	0	-0.52602
R213Ter	1	0.18712	0.18653	0.980776	31	0	-0.51561	0.81288	0.81425	0.993805	133	0	-0.51561
S215N	1	0.19325	0.19287	0.982444	32	0	-0.51371	0.80675	0.80855	0.993805	132	0	-0.51371
L194L	1	0.19939	0.19891	0.982483	33	0	-0.51509	0.80061	0.80272	0.993805	131	0	-0.51509
F212Y	1	0.20552	0.20517	0.983252	34	0	-0.51186	0.79448	0.7962	0.993805	130	0	-0.51186
H193Y	1	0.21166	0.21113	0.983252	35	0	-0.51156	0.78834	0.79027	0.993805	129	0	-0.51156
T211P	1	0.21779	0.2173	0.983898	36	0	-0.50542	0.78221	0.78426	0.993805	128	0	-0.50542
R209Ter	1	0.22393	0.22336	0.983982	37	0	-0.49029	0.77607	0.778	0.993805	127	0	-0.49029
T211A	1	0.23006	0.22993	0.986286	38	0	-0.49485	0.76994	0.77166	0.993805	126	0	-0.49485
D207G	1	0.2362	0.23601	0.986387	39	0	-0.48864	0.7638	0.7655	0.993805	125	0	-0.48864
D208V	1	0.24233	0.24225	0.987175	40	0	-0.48217	0.75767	0.75926	0.993805	124	0	-0.48217
Y205H	1	0.24847	0.24846	0.987747	41	0	-0.48171	0.75153	0.75299	0.993805	123	0	-0.48171
V218M	1	0.2546	0.25451	0.987747	42	0	-0.46668	0.7454	0.74696	0.993805	122	0	-0.46668
L206WfsTer41	1	0.26074	0.26092	0.987982	43	0	-0.46612	0.73926	0.74083	0.993805	121	0	-0.46612
D208G	1	0.26687	0.26759	0.987982	44	0	-0.45773	0.73313	0.73443	0.993805	120	0	-0.45773
H214D	1	0.27301	0.27362	0.987982	45	0	-0.456	0.72699	0.7287	0.993805	119	0	-0.456
P190L	1	0.27914	0.2796	0.987982	46	0	-0.45338	0.72086	0.72194	0.993805	118	0	-0.45338
R196Ter	1	0.28528	0.28547	0.987982	47	0	-0.44443	0.71472	0.71586	0.993805	117	0	-0.44443
R209T	1	0.29141	0.29168	0.987982	48	0	-0.44067	0.70859	0.70927	0.993805	116	0	-0.44067
P222P	1	0.29755	0.29828	0.987982	49	0	-0.4316	0.70245	0.70335	0.993805	115	0	-0.4316
Y205C	1	0.30368	0.30405	0.987982	50	0	-0.42037	0.69632	0.69725	0.993805	114	0	-0.42037
E221K	1	0.30982	0.31006	0.987982	51	0	-0.39246	0.69018	0.69154	0.993805	113	0	-0.39246
P191S	1	0.31595	0.3161	0.987982	52	0	-0.38843	0.68405	0.68565	0.993805	112	0	-0.38843
P190S	1	0.32209	0.32219	0.987982	53	0	-0.37639	0.67791	0.67967	0.993805	111	0	-0.37639
V203L	1	0.32822	0.32834	0.987982	54	0	-0.37129	0.67178	0.67401	0.993805	110	0	-0.37129
N210TfsTer37	1	0.33436	0.33454	0.987982	55	0	-0.36605	0.66564	0.66799	0.993805	109	0	-0.36605
H214H	1	0.34049	0.34087	0.987982	56	0	-0.36206	0.65951	0.66197	0.993805	108	0	-0.36206
V216L	1	0.34663	0.34715	0.987982	57	0	-0.34498	0.65337	0.65614	0.993805	107	0	-0.34498
E204G	1	0.35276	0.35345	0.987982	58	0	-0.32322	0.64724	0.65005	0.993805	106	0	-0.32322
G187D	1	0.3589	0.35912	0.987982	59	0	-0.30794	0.6411	0.64356	0.993805	105	0	-0.30794
R196Q	1	0.36503	0.36522	0.987982	60	0	-0.24916	0.63497	0.63748	0.993805	104	0	-0.24916
H214P	1	0.37117	0.37134	0.987982	61	0	-0.24307	0.62883	0.63106	0.993805	103	0	-0.24307
S215R	1	0.3773	0.37775	0.987982	62	0	-0.22999	0.6227	0.62459	0.993805	102	0	-0.22999
Y220C	1	0.38344	0.38388	0.987982	63	0	-0.22472	0.61656	0.61846	0.993805	101	0	-0.22472
H193N	1	0.38957	0.39006	0.987982	64	0	-0.21382	0.61043	0.61219	0.993805	100	0	-0.21382
P191H	1	0.39571	0.39611	0.987982	65	0	-0.20923	0.60429	0.60604	0.993805	99	0	-0.20923
A189D	1	0.40184	0.40213	0.987982	66	0	-0.2007	0.59816	0.59971	0.993805	98	0	-0.2007
L194I	1	0.40798	0.40797	0.987982	67	0	-0.19801	0.59202	0.59313	0.993805	97	0	-0.19801
L194P	1	0.41411	0.41437	0.987982	68	0	-0.1902	0.58589	0.58703	0.993805	96	0	-0.1902
G199Ter	1	0.42025	0.42062	0.987982	69	0	-0.17729	0.57975	0.5809	0.993805	95	0	-0.17729
H193D	1	0.42638	0.4266	0.987982	70	0	-0.17733	0.57362	0.57441	0.993805	94	0	-0.17733
Q192Ter	1	0.43252	0.43258	0.987982	71	0	-0.1675	0.56748	0.56847	0.993805	93	0	-0.1675
Y205Ter	1	0.43865	0.43889	0.987982	72	0	-0.1613	0.56135	0.56233	0.993805	92	0	-0.1613
H193R	1	0.44479	0.44482	0.987982	73	0	-0.15701	0.55521	0.55583	0.993805	91	0	-0.15701
V216E	1	0.45092	0.45077	0.987982	74	0	-0.142	0.54908	0.54935	0.993805	90	0	-0.142
E204D	1	0.45706	0.45709	0.987982	75	0	-0.1349	0.54294	0.54307	0.993805	89	0	-0.1349
D208E	1	0.46319	0.46313	0.987982	76	0	-0.135	0.53681	0.53666	0.993805	88	0	-0.135
P219H	1	0.46933	0.469	0.987982	77	0	-0.13148	0.53067	0.53075	0.993805	87	0	-0.13148
P190T	1	0.47546	0.47545	0.987982	78	0	-0.10609	0.52454	0.52466	0.993805	86	0	-0.10609
V218V	1	0.4816	0.48157	0.987982	79	0	-0.10064	0.5184	0.51813	0.993582	85	0	-0.10064
I195T	1	0.48773	0.48774	0.987982	80	0	-0.073679	0.51227	0.51222	0.993582	84	0	-0.073679
Y220H	1	0.49387	0.49362	0.987982	81	0	0.016995	0.50613	0.50615	0.993582	83	0	0.016995
V217A	1	0.5	0.50003	0.987982	82	0	0.03918	0.5	0.50003	0.993582	82	0	0.03918
E224K	1	0.50613	0.50615	0.987982	83	0	0.060779	0.49387	0.49362	0.993325	81	0	0.060779
E204Q	1	0.51227	0.51222	0.987982	84	0	0.069791	0.48773	0.48774	0.993325	80	0	0.069791
Y205N	1	0.5184	0.51813	0.987982	85	0	0.13086	0.4816	0.48157	0.993325	79	0	0.13086
P219L	1	0.52454	0.52466	0.987982	86	0	0.13441	0.47546	0.47545	0.993325	78	0	0.13441
L206Ter	1	0.53067	0.53075	0.987982	87	0	0.14251	0.46933	0.469	0.99281	77	0	0.14251
V218PfsTer392	1	0.53681	0.53666	0.987982	88	0	0.16004	0.46319	0.46313	0.99281	76	0	0.16004
P219S	1	0.54294	0.54307	0.987982	89	0	0.1869	0.45706	0.45709	0.99281	75	0	0.1869
P190P	1	0.54908	0.54935	0.987982	90	0	0.21309	0.45092	0.45077	0.99281	74	0	0.21309
E221Ter	1	0.55521	0.55583	0.987982	91	0	0.23758	0.44479	0.44482	0.99281	73	0	0.23758
P222L	1	0.56135	0.56233	0.987982	92	0	0.24023	0.43865	0.43889	0.99281	72	0	0.24023
V217E	1	0.56748	0.56847	0.987982	93	0	0.24475	0.43252	0.43258	0.99281	71	0	0.24475
H193L	1	0.57362	0.57441	0.987982	94	0	0.29232	0.42638	0.4266	0.99281	70	0	0.29232
V203E	1	0.57975	0.5809	0.987982	95	0	0.31441	0.42025	0.42062	0.99281	69	0	0.31441
P190LfsTer57	1	0.58589	0.58703	0.987982	96	0	0.37318	0.41411	0.41437	0.99281	68	0	0.37318
R196L	1	0.59202	0.59313	0.987982	97	0	0.37947	0.40798	0.40797	0.992513	67	0	0.37947
Y205F	1	0.59816	0.59971	0.987982	98	0	0.39267	0.40184	0.40213	0.992513	66	0	0.39267
R213LfsTer3	1	0.61043	0.61219	0.987982	99	0	0.31031	0.38957	0.39006	0.978149	63	0	0.31031
R209KfsTer6	1	0.61043	0.61219	0.987982	100	0	0.31031	0.38957	0.39006	0.978149	64	0	0.31031
H214LfsTer33	1	0.61043	0.61219	0.987982	101	0	0.31031	0.38957	0.39006	0.978149	65	0	0.31031
H193P	1	0.6227	0.62459	0.996643	102	0	0.44001	0.3773	0.37775	0.978149	62	0	0.44001
E198E	1	0.62883	0.63106	0.996643	103	0	0.4548	0.37117	0.37134	0.978149	61	0	0.4548
E198D	1	0.63497	0.63748	0.996643	104	0	0.45708	0.36503	0.36522	0.978149	60	0	0.45708
V197M	1	0.6411	0.64356	0.996643	105	0	0.50164	0.3589	0.35912	0.978149	59	0	0.50164
E198Ter	1	0.64724	0.65005	0.996643	106	0	0.5179	0.35276	0.35345	0.978149	58	0	0.5179
V197L	1	0.65337	0.65614	0.996643	107	0	0.52784	0.34663	0.34715	0.978149	57	0	0.52784
V217G	1	0.65951	0.66197	0.996643	108	0	0.53431	0.34049	0.34087	0.978149	56	0	0.53431
G199EfsTer48	1	0.66564	0.66799	0.996643	109	0	0.61425	0.33436	0.33454	0.978149	55	0	0.61425
L194H	1	0.67178	0.67401	0.996643	110	0	0.62054	0.32822	0.32834	0.978149	54	0	0.62054
P223T	1	0.67791	0.67967	0.996643	111	0	0.72464	0.32209	0.32219	0.978149	53	0	0.72464
A189P	1	0.68405	0.68565	0.996643	112	0	0.74696	0.31595	0.3161	0.978149	52	0	0.74696
V218L	1	0.69018	0.69154	0.996643	113	0	0.81279	0.30982	0.31006	0.978149	51	0	0.81279
Q192L	1	0.69632	0.69725	0.996643	114	0	0.99779	0.30368	0.30405	0.978149	50	1	0.99779
H193Q	1	0.70245	0.70335	0.996643	115	0	1.0329	0.29755	0.29828	0.978149	49	1	1.0329
E224Ter	1	0.70859	0.70927	0.996643	116	0	1.0885	0.29141	0.29168	0.978149	48	1	1.0885
V216G	1	0.71472	0.71586	0.996865	117	0	1.0914	0.28528	0.28547	0.978149	47	1	1.0914
L188Q	1	0.72086	0.72194	0.996865	118	0	1.1387	0.27914	0.2796	0.978149	46	1	1.1387
N200IfsTer47	1	0.72699	0.7287	0.996865	119	0	1.2115	0.27301	0.27362	0.978149	45	1	1.2115
S215T	1	0.73313	0.73443	0.996865	120	0	1.2147	0.26687	0.26759	0.978149	44	1	1.2147
I195N	1	0.73926	0.74083	0.996865	121	0	1.2668	0.26074	0.26092	0.978149	43	1	1.2668
P223L	1	0.7454	0.74696	0.996865	122	0	1.36	0.2546	0.25451	0.978149	42	1	1.36
Y220N	1	0.75153	0.75299	0.996865	123	0	1.4357	0.24847	0.24846	0.978149	41	1	1.4357
I195L	1	0.75767	0.75926	0.996865	124	0	1.442	0.24233	0.24225	0.978149	40	1	1.442
P190A	1	0.7638	0.7655	0.996865	125	0	1.5029	0.2362	0.23601	0.978149	39	1	1.5029
V218E	1	0.76994	0.77166	0.996865	126	0	1.5335	0.23006	0.22993	0.978149	38	1	1.5335
H214QfsTer7	1	0.77607	0.778	0.996865	127	0	1.5126	0.22393	0.22336	0.978149	37	1	1.5126
Y205D	1	0.78221	0.78426	0.996865	128	0	1.6131	0.21779	0.2173	0.978149	36	1	1.6131
E224D	1	0.78834	0.79027	0.996865	129	0	1.6363	0.21166	0.21113	0.978149	35	1	1.6363
Y220MfsTer27	1	0.79448	0.7962	0.996865	130	0	1.7102	0.20552	0.20517	0.978149	34	1	1.7102
Y205S	1	0.80061	0.80272	0.996865	131	0	1.7931	0.19939	0.19891	0.978149	33	1	1.7931
L201CfsTer46	1	0.80675	0.80855	0.996865	132	0	1.8225	0.19325	0.19287	0.978149	32	1	1.8225
L201Ter	1	0.81288	0.81425	0.996865	133	0	1.872	0.18712	0.18653	0.978149	31	1	1.872
L194R	1	0.81902	0.82026	0.996865	134	0	1.928	0.18098	0.1804	0.978149	30	1	1.928
N200Y	1	0.82515	0.82609	0.996865	135	0	2.0407	0.17485	0.17486	0.978149	29	1	2.0407
P219R	1	0.83129	0.83205	0.996865	136	0	2.1114	0.16871	0.16869	0.978149	28	1	2.1114
Y220Ter	1	0.83742	0.83841	0.996865	137	0	2.1689	0.16258	0.1622	0.978149	27	1	2.1689
V218CfsTer29	1	0.84356	0.84441	0.996865	138	0	2.1641	0.15644	0.15583	0.976954	26	1	2.1641
Y220D	1	0.84969	0.85058	0.996865	139	0	2.2333	0.15031	0.15035	0.976954	25	1	2.2333
I195S	1	0.85583	0.85657	0.996865	140	0	2.2365	0.14417	0.14464	0.976954	24	1	2.2365
L194V	1	0.86196	0.86302	0.996865	141	0	2.3837	0.13804	0.13847	0.976954	23	1	2.3837
V197E	1	0.8681	0.86908	0.996865	142	0	2.41	0.1319	0.13236	0.976954	22	1	2.41
V218G	1	0.87423	0.87497	0.996865	143	0	2.4593	0.12577	0.12641	0.976954	21	1	2.4593
L201IfsTer8	1	0.88037	0.88112	0.996865	144	0	2.5137	0.11963	0.12022	0.976954	20	1	2.5137
P219GfsTer29	1	0.8865	0.88747	0.996865	145	0	2.7283	0.1135	0.114	0.976954	19	1	2.7283
P190R	1	0.89264	0.89375	0.996865	146	0	2.8017	0.10736	0.10798	0.976954	18	1	2.8017
R196G	1	0.89877	0.89971	0.996865	147	0	2.8968	0.10123	0.10201	0.976954	17	1	2.8968
F212SfsTer3	1	0.90491	0.90598	0.996865	148	0	2.5764	0.095092	0.095631	0.974238	16	1	2.5764
P219AfsTer3	1	0.91104	0.9117	0.996865	149	0	3.0621	0.088957	0.089147	0.968726	15	1	3.0621
V218_P219insRG	1	0.91718	0.9178	0.996865	150	0	3.0629	0.082822	0.083311	0.968726	14	1	3.0629
R196P	1	0.92331	0.92393	0.996865	151	0	3.1901	0.076687	0.077136	0.967167	13	1	3.1901
E198_G198del	1	0.92945	0.92986	0.996865	152	0	3.1878	0.070552	0.071001	0.964431	12	1	3.1878
Y220S	1	0.93558	0.93592	0.996865	153	0	3.2208	0.064417	0.064846	0.960902	11	1	3.2208
G187VfsTer60	1	0.94172	0.94216	0.996865	154	0	3.251	0.058282	0.058562	0.954553	10	1	3.251
P191QfsTer392	1	0.94785	0.94808	0.996865	155	0	3.2522	0.052147	0.052337	0.947877	9	1	3.2522
V218_P219insR	1	0.95399	0.95437	0.996865	156	0	3.3974	0.046012	0.046172	0.940752	8	1	3.3974
V197G	1	0.96012	0.96048	0.996865	157	0	3.4377	0.039877	0.039678	0.923926	7	1	3.4377
E224A	1	0.96626	0.96676	0.996865	158	0	3.4631	0.033742	0.033643	0.913957	6	1	3.4631
P219Ter	1	0.97239	0.97271	0.996865	159	0	3.1244	0.027607	0.027697	0.902927	5	1	3.1244
P219VfsTer30	1	0.97853	0.97852	0.996865	160	0	3.5174	0.021472	0.021582	0.879472	4	1	3.5174
Y220EfsTer389	1	0.98466	0.98485	0.996954	161	0	3.56	0.015337	0.015228	0.827371	3	1	3.56
P222RfsTer25	1	0.9908	0.99084	0.996954	162	0	4.0293	0.0092025	0.0086837	0.707724	2	1	4.0293
R196PfsTer13	1	0.99693	0.99701	0.997012	163	0	4.3667	0.0030675	0.0027582	0.449593	1	1	4.3667
