sgrna	Gene	control_count	treatment_count	control_mean	treat_mean	LFC	control_var	adj_var	score	p.low	p.high	p.twosided	FDR	high_in_treatment
N235YfsTer392	N235YfsTer392	0	144.64	2.7358	144.64	5.2849	10461	14.55	37.202	1	4.132e-303	8.264e-303	1.3966e-300	True
N239SfsTer391	N239SfsTer391	0	107.64	2.7358	107.64	4.862	5793.3	14.55	27.502	1	1.0937e-166	2.1874e-166	1.8484e-164	True
L252IfsTer391	L252IfsTer391	2.7358	96.429	2.7358	96.429	4.7049	4389.2	14.55	24.562	1	2.0913e-133	4.1827e-133	2.3562e-131	True
I255TfsTer90	I255TfsTer90	0	86.337	2.7358	86.337	4.5471	3727.1	14.55	21.917	1	1.1766e-106	2.3532e-106	9.9421e-105	True
N239_S240insR	N239_S240insR	2.7358	74.751	2.7358	74.751	4.3418	2593.1	14.55	18.879	1	1.1048e-79	2.2097e-79	7.4688e-78	True
N239VfsTer7	N239VfsTer7	0	52.699	2.7358	52.699	3.8454	1388.6	14.55	13.098	1	2.2037e-39	4.4075e-39	1.2414e-37	True
L252IfsTer390	L252IfsTer390	134.05	2694	134.05	2694	4.3187	3.2767e+06	1.6589e+05	6.2853	1	2.6009e-10	5.2019e-10	1.2559e-08	True
I255SfsTer90	I255SfsTer90	27.358	365.91	27.358	365.91	3.6936	57307	3384.8	5.8191	1	4.3451e-09	8.6901e-09	1.8358e-07	True
G244NfsTer390	G244NfsTer390	1149	31698	1149	31698	4.7847	4.6661e+08	3.2271e+07	5.3776	1	6.5055e-08	1.3011e-07	2.4432e-06	True
R248G	R248G	1034.1	27681	1034.1	27681	4.7411	3.5502e+08	2.492e+07	5.3379	1	8.0775e-08	1.6155e-07	2.7302e-06	True
I254TfsTer91	I254TfsTer91	973.94	22755	973.94	22755	4.5448	2.372e+08	2.151e+07	4.6962	1	2.2724e-06	4.5449e-06	6.9826e-05	True
I254_I255insH	I254_I255insH	15950	5.5139e+05	15950	5.5139e+05	5.1114	1.4335e+11	2.0503e+10	3.7394	0.99983	0.00016946	0.00033891	0.004773	True
I254SfsTer91	I254SfsTer91	484.23	7551	484.23	7551	3.9601	2.4969e+07	3.8732e+06	3.5907	0.99972	0.0002761	0.00055221	0.0071787	True
WT	WT	3.5768e+07	1.349e+06	3.5768e+07	1.349e+06	-4.7287	5.9235e+14	3.4133e+18	3.2517	0.00057362	0.99943	0.0011472	0.013849	False
G245AfsTer2	G245AfsTer2	653.85	8875.5	653.85	8875.5	3.7608	3.3798e+07	8.0921e+06	2.8902	0.99674	0.0032576	0.0065152	0.064769	True
I254N	I254N	793.38	10901	793.38	10901	3.7787	5.1085e+07	1.3006e+07	2.8027	0.99568	0.0043155	0.0086311	0.072932	True
D259N	D259N	43217	1813.1	43217	1813.1	-4.5743	8.5715e+08	2.3659e+11	2.7742	0.002767	0.99723	0.005534	0.061227	False
L252TfsTer392	L252TfsTer392	175.09	1734.6	175.09	1734.6	3.301	1.216e+06	3.1936e+05	2.7596	0.99535	0.0046546	0.0093092	0.073463	True
E258K	E258K	54015	2487.7	54015	2487.7	-4.4399	1.3275e+09	4.0893e+11	2.7591	0.0028983	0.9971	0.0057966	0.061227	False
Y234Y	Y234Y	11961	486.25	11961	486.25	-4.6176	6.5833e+07	1.0119e+10	2.6969	0.0034995	0.9965	0.006999	0.065713	False
C238C	C238C	4793.1	190.99	4793.1	190.99	-4.6422	1.059e+07	1.0733e+09	2.6417	0.0041242	0.99588	0.0082483	0.072932	False
D259G	D259G	33169	2445.1	33169	2445.1	-3.7613	4.7197e+08	1.236e+11	2.5663	0.00514	0.99486	0.01028	0.073463	False
C242C	C242C	5778	303.11	5778	303.11	-4.2481	1.4987e+07	1.6977e+09	2.5601	0.0052318	0.99477	0.010464	0.073463	False
N235S	N235S	5124.1	303.11	5124.1	303.11	-4.0749	1.1621e+07	1.2644e+09	2.5096	0.0060429	0.99396	0.012086	0.073463	False
N235D	N235D	4650.8	292.65	4650.8	292.65	-3.9856	9.4969e+06	9.9681e+08	2.4809	0.0065534	0.99345	0.013107	0.073463	False
S240G	S240G	3460.8	209.3	3460.8	209.3	-4.041	5.286e+06	4.827e+08	2.4742	0.0066772	0.99332	0.013354	0.073463	False
C238Y	C238Y	3997	258.26	3997	258.26	-3.9468	6.989e+06	6.8734e+08	2.4606	0.0069346	0.99307	0.013869	0.073463	False
Y236C	Y236C	4062.6	267.98	4062.6	267.98	-3.9172	7.1997e+06	7.1537e+08	2.4544	0.0070565	0.99294	0.014113	0.073463	False
P250P	P250P	12998	1120.1	12998	1120.1	-3.5353	7.0538e+07	1.2409e+10	2.4424	0.0072956	0.9927	0.014591	0.073463	False
N239S	N239S	5386.8	393.19	5386.8	393.19	-3.7727	1.2468e+07	1.4294e+09	2.438	0.0073835	0.99262	0.014767	0.073463	False
M237I	M237I	9389.2	781.15	9389.2	781.15	-3.5856	3.7049e+07	5.5872e+09	2.4311	0.0075257	0.99247	0.015051	0.073463	False
E258G	E258G	37157	4117.7	37157	4117.7	-3.1734	5.4581e+08	1.6331e+11	2.4301	0.0075464	0.99245	0.015093	0.073463	False
E258E	E258E	21572	2202.5	21572	2202.5	-3.2913	1.8758e+08	4.301e+10	2.4187	0.0077875	0.99221	0.015575	0.073463	False
N239D	N239D	4122.8	302.37	4122.8	302.37	-3.7648	7.2979e+06	7.4166e+08	2.417	0.0078236	0.99218	0.015647	0.073463	False
S241F	S241F	4839.6	369.64	4839.6	369.64	-3.7071	9.9903e+06	1.099e+09	2.4138	0.0078931	0.99211	0.015786	0.073463	False
M237V	M237V	3356.8	241.45	3356.8	241.45	-3.7918	4.8527e+06	4.4789e+08	2.4094	0.0079899	0.99201	0.01598	0.073463	False
N235K	N235K	6393.5	529.98	6393.5	529.98	-3.5901	1.7191e+07	2.1763e+09	2.4042	0.0081032	0.9919	0.016206	0.073463	False
Y234C	Y234C	16694	1745.4	16694	1745.4	-3.2569	1.1173e+08	2.293e+10	2.3907	0.0084086	0.99159	0.016817	0.073463	False
C238R	C238R	3477.2	273.21	3477.2	273.21	-3.665	5.1327e+06	4.8833e+08	2.3795	0.0086687	0.99133	0.017337	0.073463	False
C238S	C238S	1291.3	84.095	1291.3	84.095	-3.9247	7.2866e+05	4.2972e+07	2.3784	0.0086938	0.99131	0.017388	0.073463	False
S241Y	S241Y	4732.9	420.1	4732.9	420.1	-3.4908	9.3001e+06	1.0405e+09	2.3569	0.0092146	0.99079	0.018429	0.075864	False
Y236H	Y236H	2445.8	195.1	2445.8	195.1	-3.6412	2.5328e+06	2.0596e+08	2.3484	0.0094268	0.99057	0.018854	0.075864	False
C238F	C238F	4100.9	371.89	4100.9	371.89	-3.4595	6.9529e+06	7.3203e+08	2.3383	0.0096857	0.99031	0.019371	0.076134	False
S240C	S240C	424.05	26.163	424.05	26.163	-3.9679	79156	2.7968e+06	2.3229	0.010091	0.98991	0.020182	0.077518	False
C242R	C242R	3570.2	356.94	3570.2	356.94	-3.3186	5.1625e+06	5.2101e+08	2.2912	0.010976	0.98902	0.021951	0.081369	False
N239K	N239K	3961.4	415.99	3961.4	415.99	-3.2483	6.285e+06	6.7243e+08	2.2803	0.011295	0.98871	0.02259	0.081369	False
S240R	S240R	1471.9	127.82	1471.9	127.82	-3.5151	9.032e+05	5.9244e+07	2.2796	0.011315	0.98869	0.022629	0.081369	False
N239I	N239I	355.65	25.415	355.65	25.415	-3.7551	54528	1.8166e+06	2.2553	0.012057	0.98794	0.024114	0.0849	False
I255F	I255F	1688	22213	1688	22213	3.7172	2.1064e+08	8.2916e+07	2.2541	0.97891	0.021091	0.042182	0.11316	True
G245D	G245D	33732	6038.8	33732	6038.8	-2.4816	3.8346e+08	1.2881e+11	2.2431	0.012444	0.98756	0.024888	0.085837	False
S241P	S241P	4527.7	570.35	4527.7	570.35	-2.9867	7.8304e+06	9.3331e+08	2.2203	0.013198	0.9868	0.026396	0.088242	False
M237K	M237K	180.56	12.708	180.56	12.708	-3.7274	14087	3.444e+05	2.2169	0.013315	0.98669	0.026629	0.088242	False
C238G	C238G	309.14	25.415	309.14	25.415	-3.5535	40251	1.288e+06	2.1913	0.014216	0.98578	0.028432	0.092406	False
S260F	S260F	9238.7	1504	9238.7	1504	-2.6181	2.9913e+07	5.3701e+09	2.1759	0.014783	0.98522	0.029565	0.094274	False
S241T	S241T	478.76	46.719	478.76	46.719	-3.3297	93330	3.7667e+06	2.1535	0.015638	0.98436	0.031276	0.097881	False
Y234H	Y234H	15140	3093.2	15140	3093.2	-2.2908	7.2561e+07	1.8042e+10	2.1255	0.016774	0.98323	0.033548	0.098956	False
S241C	S241C	1236.6	155.48	1236.6	155.48	-2.9834	5.8438e+05	3.8641e+07	2.1215	0.016941	0.98306	0.033883	0.098956	False
L252F	L252F	3728.9	580.07	3728.9	580.07	-2.6823	4.9575e+06	5.7967e+08	2.1214	0.016942	0.98306	0.033885	0.098956	False
N239Y	N239Y	221.6	20.556	221.6	20.556	-3.3682	20209	5.6915e+05	2.1205	0.016981	0.98302	0.033961	0.098956	False
M237L	M237L	322.82	32.89	322.82	32.89	-3.2563	42030	1.4324e+06	2.1084	0.017499	0.9825	0.034997	0.10025	False
R249GfsTer96	R249GfsTer96	714.04	7384.3	714.04	7384.3	3.3686	2.2246e+07	1.0044e+07	2.1047	0.97003	0.029972	0.059945	0.14682	True
I255T	I255T	5310.2	1020.7	5310.2	1020.7	-2.378	9.1996e+06	1.38e+09	2.0637	0.019522	0.98048	0.039043	0.10997	False
P250L	P250L	7966.6	1711	7966.6	1711	-2.2184	1.9566e+07	3.7335e+09	2.0516	0.020106	0.97989	0.040212	0.11141	False
C238W	C238W	262.64	30.648	262.64	30.648	-3.0584	26909	8.6343e+05	2.038	0.020776	0.97922	0.041552	0.11316	False
M246I	M246I	11099	2771.8	11099	2771.8	-2.0012	3.4672e+07	8.423e+09	2.0168	0.021858	0.97814	0.043715	0.11513	False
Y234Ter	Y234Ter	5753.3	1281.2	5753.3	1281.2	-2.166	9.9999e+06	1.68e+09	2.0091	0.022262	0.97774	0.044524	0.11513	False
D259E	D259E	5375.8	1192.7	5375.8	1192.7	-2.1714	8.7494e+06	1.4223e+09	2.005	0.022482	0.97752	0.044963	0.11513	False
S261I	S261I	6461.9	1550	6461.9	1550	-2.059	1.2064e+07	2.2339e+09	1.9876	0.023428	0.97657	0.046856	0.11819	False
Y236S	Y236S	210.66	32.517	210.66	32.517	-2.6588	15867	5.0266e+05	1.9023	0.028567	0.97143	0.057134	0.14199	False
Y236Ter	Y236Ter	4711	1451.7	4711	1451.7	-1.6976	5.3117e+06	1.0288e+09	1.851	0.032085	0.96792	0.064169	0.15228	False
D259Y	D259Y	5977.7	1949.5	5977.7	1949.5	-1.616	8.1131e+06	1.8453e+09	1.8469	0.032379	0.96762	0.064758	0.15228	False
T253_I254insC	T253_I254insC	9764	1.5445e+05	9764	1.5445e+05	3.9834	1.0467e+10	6.1504e+09	1.8449	0.94082	0.059182	0.11836	0.2326	True
E258Ter	E258Ter	11731	4430.9	11731	4430.9	-1.4045	2.6646e+07	9.6489e+09	1.8424	0.03271	0.96729	0.065419	0.15228	False
S241A	S241A	235.28	42.608	235.28	42.608	-2.4378	18561	6.5923e+05	1.8394	0.032929	0.96707	0.065859	0.15228	False
M243I	M243I	12773	5003.8	12773	5003.8	-1.3519	3.0183e+07	1.189e+10	1.8338	0.03334	0.96666	0.06668	0.15228	False
L257P	L257P	3425.2	1077.9	3425.2	1077.9	-1.667	2.7549e+06	4.7062e+08	1.8131	0.034912	0.96509	0.069824	0.15734	False
T256K	T256K	3551	1144.1	3551	1144.1	-1.6332	2.8968e+06	5.1418e+08	1.8056	0.03549	0.96451	0.070979	0.15784	False
Y236N	Y236N	536.21	126.7	536.21	126.7	-2.0727	83849	4.9741e+06	1.7837	0.037239	0.96276	0.074479	0.16347	False
N239T	N239T	372.07	86.337	372.07	86.337	-2.0948	40821	2.0292e+06	1.762	0.039036	0.96096	0.078073	0.16916	False
I254I	I254I	10002	4439.8	10002	4439.8	-1.1715	1.5469e+07	6.5248e+09	1.7538	0.039731	0.96027	0.079463	0.16999	False
Y236D	Y236D	73.866	14.576	73.866	14.576	-2.2649	1757.6	38480	1.714	0.043262	0.95674	0.086524	0.18278	False
C242Y	C242Y	5559.1	2536.3	5559.1	2536.3	-1.1318	4.5687e+06	1.5442e+09	1.6849	0.046007	0.95399	0.092014	0.19198	False
N239H	N239H	128.58	32.89	128.58	32.89	-1.9349	4578.4	1.4977e+05	1.6297	0.051579	0.94842	0.10316	0.2126	False
T256P	T256P	711.3	251.16	711.3	251.16	-1.4981	1.0586e+05	9.9495e+06	1.6166	0.052979	0.94702	0.10596	0.21574	False
R248P	R248P	2730.3	29112	2730.3	29112	3.414	3.4801e+08	2.6981e+08	1.6061	0.90438	0.09562	0.19124	0.32979	True
I251T	I251T	5619.3	3110.8	5619.3	3110.8	-0.85292	3.1464e+06	1.5855e+09	1.5916	0.055738	0.94426	0.11148	0.22428	False
E258V	E258V	1860.3	854.4	1860.3	854.4	-1.1217	5.0595e+05	1.0525e+08	1.576	0.057509	0.94249	0.11502	0.22868	False
I255S	I255S	861.77	363.66	861.77	363.66	-1.2424	1.2406e+05	1.5932e+07	1.545	0.061168	0.93883	0.12234	0.23764	False
N247I	N247I	2380.1	1265.9	2380.1	1265.9	-0.91034	6.2075e+05	1.9266e+08	1.5259	0.063521	0.93648	0.12704	0.2417	False
I255N	I255N	511.59	204.07	511.59	204.07	-1.3217	47285	4.4323e+06	1.5249	0.063642	0.93636	0.12728	0.2417	False
G245S	G245S	9818.7	7044.9	9818.7	7044.9	-0.4789	3.8471e+06	6.2353e+09	1.5177	0.064548	0.93545	0.1291	0.24241	False
T253A	T253A	11039	8474.1	11039	8474.1	-0.38142	3.289e+06	8.3114e+09	1.4952	0.067433	0.93257	0.13487	0.25047	False
M246T	M246T	4287	2941.1	4287	2941.1	-0.54346	9.0572e+05	8.1622e+08	1.4538	0.072997	0.927	0.14599	0.26818	False
L252P	L252P	5066.7	3646.3	5066.7	3646.3	-0.47447	1.0087e+06	1.2299e+09	1.4462	0.074061	0.92594	0.14812	0.26917	False
R249T	R249T	3559.3	35902	3559.3	35902	3.334	5.2302e+08	5.171e+08	1.4223	0.8622	0.1378	0.27561	0.42732	True
C242W	C242W	2506	23273	2506	23273	3.2147	2.1564e+08	2.1862e+08	1.4045	0.85884	0.14116	0.28232	0.43375	True
R248Q	R248Q	13362	13106	13362	13106	-0.027851	32637	1.3279e+10	1.3859	0.082889	0.91711	0.16578	0.29805	False
G244A	G244A	6995.4	77442	6995.4	77442	3.4684	2.4814e+09	2.7139e+09	1.3523	0.84073	0.15927	0.31855	0.46625	True
G244S	G244S	9030.8	8726.8	9030.8	8726.8	-0.049399	46215	5.0784e+09	1.35	0.088512	0.91149	0.17702	0.31492	False
I254MfsTer10	I254MfsTer10	3879.3	37295	3879.3	37295	3.2648	5.5829e+08	6.3876e+08	1.3221	0.83412	0.16588	0.33177	0.4768	True
G245V	G245V	4998.3	4516.1	4998.3	4516.1	-0.14633	1.1626e+05	1.1896e+09	1.3206	0.093318	0.90668	0.18664	0.32856	False
G244R	G244R	3961.4	38204	3961.4	38204	3.2693	5.8627e+08	6.7243e+08	1.3205	0.83354	0.16646	0.33291	0.4768	True
G245C	G245C	5496.2	5166.4	5496.2	5166.4	-0.089253	54377	1.5017e+09	1.3091	0.095254	0.90475	0.19051	0.32979	False
E258D	E258D	2426.6	2064.2	2426.6	2064.2	-0.23324	65664	2.0203e+08	1.2732	0.10146	0.89854	0.20293	0.34122	False
T253N	T253N	4910.7	4808.4	4910.7	4808.4	-0.030389	5240.6	1.1391e+09	1.2729	0.10152	0.89848	0.20304	0.34122	False
T253I	T253I	4793.1	4690.6	4793.1	4690.6	-0.031171	5250.2	1.0733e+09	1.2704	0.10196	0.89804	0.20393	0.34122	False
E258A	E258A	3189.9	3002	3189.9	3002	-0.087571	17658	3.9522e+08	1.246	0.10638	0.89362	0.21275	0.3525	False
C242Ter	C242Ter	5769.8	55904	5769.8	55904	3.2761	1.2567e+09	1.6917e+09	1.2189	0.79949	0.20051	0.40103	0.53365	True
I251SfsTer94	I251SfsTer94	1088.8	964.29	1088.8	964.29	-0.17509	7756.9	2.828e+07	1.1576	0.12351	0.87649	0.24702	0.4053	False
I254S	I254S	3031.2	24430	3031.2	24430	3.0103	2.2896e+08	3.4871e+08	1.1459	0.77694	0.22306	0.44611	0.57116	True
L257SfsTer8	L257SfsTer8	924.69	5899.3	924.69	5899.3	2.6722	1.2374e+07	1.8939e+07	1.1431	0.78344	0.21656	0.43312	0.56305	True
Y234N	Y234N	1173.7	1155.6	1173.7	1155.6	-0.022281	162.03	3.3994e+07	1.1009	0.13546	0.86454	0.27092	0.42732	False
C242G	C242G	120.37	119.98	120.37	119.98	-0.0047532	0.079693	1.274e+05	0.8127	0.2082	0.7918	0.41639	0.54551	False
N239IfsTer25	N239IfsTer25	0	1.8688	2.7358	1.8688	-0.38098	1.7462	14.55	0.74795	0.22725	0.77275	0.45449	0.57292	False
G245A	G245A	8563	58365	8563	58365	2.7688	1.2401e+09	4.457e+09	0.74598	0.58652	0.41348	0.82696	0.87897	True
Y234S	Y234S	3307.6	18698	3307.6	18698	2.4987	1.1844e+08	4.3194e+08	0.74053	0.59254	0.40746	0.81491	0.87897	True
T256_L257insE	T256_L257insE	1660.6	8269.7	1660.6	8269.7	2.3154	2.184e+07	7.9658e+07	0.7405	0.60004	0.39996	0.79992	0.87217	True
T256_L257insQ	T256_L257insQ	1263.9	5970	1263.9	5970	2.2389	1.1073e+07	4.0772e+07	0.73701	0.60142	0.39858	0.79715	0.87217	True
G245R	G245R	3556.5	20217	3556.5	20217	2.5067	1.3879e+08	5.1613e+08	0.73335	0.58792	0.41208	0.82416	0.87897	True
I254HfsTer10	I254HfsTer10	1006.8	4432.4	1006.8	4432.4	2.1372	5.8673e+06	2.3333e+07	0.70917	0.58955	0.41045	0.82091	0.87897	True
L257TfsTer7	L257TfsTer7	517.06	1906.1	517.06	1906.1	1.8802	9.6478e+05	4.5495e+06	0.65125	0.56788	0.43212	0.86424	0.90718	True
H233D	H233D	3720.7	18779	3720.7	18779	2.3352	1.1338e+08	5.7655e+08	0.62714	0.52761	0.47239	0.94479	0.9561	True
T253P	T253P	6579.6	34965	6579.6	34965	2.4097	4.0286e+08	2.335e+09	0.58742	0.4975	0.5025	0.99501	0.99918	True
M246K	M246K	254.43	760.59	254.43	760.59	1.5761	1.281e+05	7.9874e+05	0.56635	0.53342	0.46658	0.93317	0.95579	True
M246L	M246L	1660.6	6686.8	1660.6	6686.8	2.009	1.2631e+07	7.9658e+07	0.56316	0.50041	0.49959	0.99918	0.99918	True
I254T	I254T	8790.1	43766	8790.1	43766	2.3157	6.1164e+08	4.7526e+09	0.50734	0.44445	0.55555	0.88889	0.92161	True
N239SfsTer392	N239SfsTer392	5.4716	5.2326	5.4716	5.2326	-0.054289	0.028561	70.189	0.49053	0.31188	0.68812	0.62376	0.72202	False
D259EfsTer5	D259EfsTer5	473.29	1342.2	473.29	1342.2	1.5018	3.7746e+05	3.662e+06	0.45404	0.45639	0.54361	0.91278	0.94061	True
Y234D	Y234D	659.32	1827.3	659.32	1827.3	1.4692	6.8207e+05	8.2593e+06	0.4064	0.42068	0.57932	0.84135	0.88868	True
C242S	C242S	1800.1	5633.6	1800.1	5633.6	1.6454	7.3477e+06	9.7094e+07	0.38904	0.39103	0.60897	0.78206	0.86384	True
N239TfsTer8	N239TfsTer8	106.7	221.64	106.7	221.64	1.0477	6605.7	94782	0.37335	0.44229	0.55771	0.88459	0.92161	True
I251L	I251L	1102.5	3003.5	1102.5	3003.5	1.445	1.8068e+06	2.916e+07	0.35203	0.37612	0.62388	0.75224	0.84752	True
L257R	L257R	621.02	1525.3	621.02	1525.3	1.295	4.0885e+05	7.1314e+06	0.33862	0.37925	0.62075	0.75851	0.84892	True
S240RfsTer25	S240RfsTer25	13.679	21.678	13.679	21.678	0.62753	31.991	626.6	0.31955	0.47054	0.52946	0.94109	0.9561	True
S261VfsTer84	S261VfsTer84	530.74	1209.8	530.74	1209.8	1.1872	2.3059e+05	4.8505e+06	0.30835	0.36341	0.63659	0.72682	0.82438	True
C238Ter	C238Ter	399.42	849.54	399.42	849.54	1.0869	1.013e+05	2.415e+06	0.28965	0.35811	0.64189	0.71623	0.81785	True
I254F	I254F	1236.6	2905.9	1236.6	2905.9	1.232	1.3934e+06	3.8641e+07	0.26855	0.31909	0.68091	0.63818	0.73369	True
R248L	R248L	5583.7	15346	5583.7	15346	1.4584	4.7651e+07	1.561e+09	0.24708	0.27647	0.72353	0.55294	0.65348	True
S261T	S261T	1994.4	4668.6	1994.4	4668.6	1.2266	3.5756e+06	1.2485e+08	0.23933	0.28977	0.71023	0.57953	0.67545	True
I251S	I251S	3077.8	7363.3	3077.8	7363.3	1.2582	9.1831e+06	3.6199e+08	0.22525	0.2718	0.7282	0.54359	0.65154	True
M246V	M246V	8067.8	20752	8067.8	20752	1.3629	8.0439e+07	3.851e+09	0.20439	0.24051	0.75949	0.48103	0.59415	True
G244D	G244D	4746.6	11140	4746.6	11140	1.2306	2.0436e+07	1.0479e+09	0.19749	0.24462	0.75538	0.48923	0.59913	True
L257V	L257V	968.47	1856.8	968.47	1856.8	0.93834	3.9458e+05	2.1215e+07	0.19287	0.27387	0.72613	0.54773	0.65188	True
M246R	M246R	560.84	1006.9	560.84	1006.9	0.84313	99484	5.5533e+06	0.18928	0.28469	0.71531	0.56938	0.66823	True
R249G	R249G	5334.8	11884	5334.8	11884	1.1553	2.1443e+07	1.3958e+09	0.17529	0.22693	0.77307	0.45385	0.57292	True
T256R	T256R	1047.8	1909.1	1047.8	1909.1	0.86493	3.7095e+05	2.5736e+07	0.16979	0.25648	0.74352	0.51297	0.62368	True
D259H	D259H	2648.2	5163.8	2648.2	5163.8	0.96313	3.164e+06	2.5034e+08	0.15899	0.22883	0.77117	0.45766	0.57292	True
D259A	D259A	1493.7	2737.4	1493.7	2737.4	0.87343	7.7332e+05	6.1429e+07	0.15867	0.24082	0.75918	0.48165	0.59415	True
L257Q	L257Q	579.99	954.94	579.99	954.94	0.71842	70296	6.0302e+06	0.15269	0.2596	0.7404	0.5192	0.62675	True
R249S	R249S	7701.2	15601	7701.2	15601	1.0184	3.1202e+07	3.4357e+09	0.13477	0.1917	0.8083	0.3834	0.51836	True
N247T	N247T	1942.4	3228.9	1942.4	3228.9	0.73289	8.2749e+05	1.1701e+08	0.11893	0.20759	0.79241	0.41518	0.54551	True
Y234_N234del	Y234_N234del	5.4716	6.3538	5.4716	6.3538	0.18438	0.38919	70.189	0.10531	0.38362	0.61638	0.76724	0.85305	True
G244V	G244V	5649.4	9520.3	5649.4	9520.3	0.7528	7.4919e+06	1.6065e+09	0.096577	0.16998	0.83002	0.33995	0.48279	True
C242F	C242F	4114.6	6677.1	4114.6	6677.1	0.69833	3.2832e+06	7.3804e+08	0.094325	0.17452	0.82548	0.34905	0.48978	True
E258Q	E258Q	2511.4	3881.4	2511.4	3881.4	0.62787	9.3844e+05	2.198e+08	0.092408	0.18346	0.81654	0.36693	0.50416	True
R249W	R249W	1543	2289.6	1543	2289.6	0.56908	2.7873e+05	6.6517e+07	0.091547	0.1939	0.8061	0.3878	0.52015	True
G244C	G244C	5559.1	8789.6	5559.1	8789.6	0.66085	5.218e+06	1.5442e+09	0.082208	0.16002	0.83998	0.32003	0.46625	True
R248W	R248W	11761	19724	11761	19724	0.74586	3.1702e+07	9.7097e+09	0.080808	0.14558	0.85442	0.29116	0.4433	True
I254M	I254M	26559	45998	26559	45998	0.79235	1.8894e+08	7.1646e+10	0.072623	0.1269	0.8731	0.25381	0.40549	True
I251N	I251N	837.15	1064.5	837.15	1064.5	0.34619	25833	1.4838e+07	0.059009	0.18694	0.81306	0.37388	0.50956	True
I251F	I251F	1094.3	1393.4	1094.3	1393.4	0.34826	44714	2.863e+07	0.055889	0.17781	0.82219	0.35561	0.49261	True
I254L	I254L	3247.4	4371.8	3247.4	4371.8	0.42884	6.3217e+05	4.1291e+08	0.055336	0.15182	0.84818	0.30364	0.45014	True
R249K	R249K	6675.3	9348.3	6675.3	9348.3	0.48581	3.5726e+06	2.4192e+09	0.054346	0.13655	0.86345	0.27311	0.42732	True
D259V	D259V	856.3	1026	856.3	1026	0.2605	14392	1.5685e+07	0.042838	0.17534	0.82466	0.35067	0.48978	True
R249M	R249M	5731.5	7122.6	5731.5	7122.6	0.31346	9.6768e+05	1.6643e+09	0.034101	0.12497	0.87503	0.24994	0.40549	True
M243T	M243T	4932.6	6051.1	4932.6	6051.1	0.29479	6.2549e+05	1.1516e+09	0.032959	0.12717	0.87283	0.25433	0.40549	True
I255TfsTer392	I255TfsTer392	1110.7	1201.2	1110.7	1201.2	0.11293	4096.9	2.9695e+07	0.016611	0.15046	0.84954	0.30093	0.45006	True
I251M	I251M	1091.6	1164.6	1091.6	1164.6	0.093361	2667.6	2.8455e+07	0.013693	0.14892	0.85108	0.29784	0.44942	True
C242AfsTer5	C242AfsTer5	98.488	100.17	98.488	100.17	0.024131	1.4079	77892	0.0060125	0.21996	0.78004	0.43991	0.56752	True
