sgrna	Gene	control_count	treatment_count	control_mean	treat_mean	LFC	control_var	adj_var	score	p.low	p.high	p.twosided	FDR	high_in_treatment
L252IfsTer391	L252IfsTer391	1.622	20.264	1.622	20.264	3.0197	173.76	5.0925	8.2609	1	9.4666e-17	1.8933e-16	3.1997e-14	True
N239_S240insR	N239_S240insR	1.622	16.464	1.622	16.464	2.7357	110.15	5.0925	6.5772	1	3.1383e-11	6.2766e-11	3.5358e-09	True
I255TfsTer90	I255TfsTer90	0	16.464	1.622	16.464	2.7357	135.54	5.0925	6.5772	1	3.1383e-11	6.2766e-11	3.5358e-09	True
N235YfsTer392	N235YfsTer392	0	9.4987	1.622	9.4987	2.0015	45.113	5.0925	3.4904	0.99968	0.00031566	0.00063132	0.026673	True
WT	WT	2.1207e+07	7.4693e+06	2.1207e+07	7.4693e+06	-1.5055	9.4357e+13	7.0527e+18	2.8437	0.0022299	0.99777	0.0044597	0.15074	False
E258K	E258K	32025	11982	32025	11982	-1.4183	2.0087e+08	3.8993e+11	2.1782	0.014695	0.9853	0.02939	0.28791	False
D259N	D259N	25623	9607	25623	9607	-1.4152	1.2825e+08	2.1969e+11	2.1531	0.015655	0.98434	0.03131	0.28791	False
G245D	G245D	19999	8734.4	19999	8734.4	-1.1951	6.345e+07	1.1613e+11	2.0639	0.019515	0.98049	0.03903	0.28791	False
Y234Y	Y234Y	7091.4	2411.4	7091.4	2411.4	-1.5558	1.0951e+07	8.0638e+09	2.0514	0.020113	0.97989	0.040227	0.28791	False
D259G	D259G	19665	9348	19665	9348	-1.0728	5.3223e+07	1.1121e+11	2.0268	0.021339	0.97866	0.042679	0.28791	False
Y234C	Y234C	9897.5	3924.9	9897.5	3924.9	-1.3342	1.7836e+07	1.9013e+10	2.0248	0.021446	0.97855	0.042892	0.28791	False
E258G	E258G	22030	11194	22030	11194	-0.9767	5.8712e+07	1.4894e+11	2.0119	0.022114	0.97789	0.044229	0.28791	False
P250P	P250P	7706.2	3041.5	7706.2	3041.5	-1.3409	1.088e+07	9.9868e+09	1.9985	0.022833	0.97717	0.045666	0.28791	False
Y236N	Y236N	317.91	55.726	317.91	55.726	-2.4911	34371	2.739e+06	1.9962	0.022958	0.97704	0.045916	0.28791	False
E258E	E258E	12790	6176.7	12790	6176.7	-1.0499	2.1865e+07	3.6766e+10	1.9708	0.024372	0.97563	0.048744	0.28791	False
N239S	N239S	3193.7	1108.2	3193.7	1108.2	-1.5262	2.1748e+06	1.0358e+09	1.9536	0.025374	0.97463	0.050747	0.28791	False
M237I	M237I	5566.7	2312.6	5566.7	2312.6	-1.2669	5.2946e+06	4.3259e+09	1.9395	0.026222	0.97378	0.052444	0.28791	False
C238C	C238C	2841.8	992.93	2841.8	992.93	-1.5161	1.7091e+06	7.6706e+08	1.9374	0.026348	0.97365	0.052696	0.28791	False
N235S	N235S	3038	1082.9	3038	1082.9	-1.4874	1.9113e+06	9.1085e+08	1.9364	0.026411	0.97359	0.052822	0.28791	False
C242C	C242C	3425.7	1281.7	3425.7	1281.7	-1.4176	2.2984e+06	1.2406e+09	1.9291	0.026861	0.97314	0.053722	0.28791	False
N235D	N235D	2757.4	988.5	2757.4	988.5	-1.4791	1.5645e+06	7.0985e+08	1.9229	0.027249	0.97275	0.054497	0.28791	False
N235K	N235K	3790.6	1499.5	3790.6	1499.5	-1.3373	2.6246e+06	1.6096e+09	1.9165	0.027653	0.97235	0.055306	0.28791	False
S241F	S241F	2869.3	1066.4	2869.3	1066.4	-1.4271	1.6253e+06	7.8636e+08	1.9117	0.027957	0.97204	0.055914	0.28791	False
S260F	S260F	5477.5	2474.7	5477.5	2474.7	-1.1459	4.5084e+06	4.1498e+09	1.9011	0.028643	0.97136	0.057286	0.28791	False
Y236C	Y236C	2408.7	884.02	2408.7	884.02	-1.4451	1.1623e+06	5.013e+08	1.8972	0.028903	0.9711	0.057807	0.28791	False
C238Y	C238Y	2369.8	900.48	2369.8	900.48	-1.395	1.0794e+06	4.8072e+08	1.88	0.030055	0.96995	0.06011	0.28791	False
S241Y	S241Y	2806.1	1117.7	2806.1	1117.7	-1.3273	1.4253e+06	7.4253e+08	1.8787	0.030141	0.96986	0.060282	0.28791	False
N239D	N239D	2444.4	947.97	2444.4	947.97	-1.3656	1.1196e+06	5.2063e+08	1.8745	0.030428	0.96957	0.060855	0.28791	False
Y234H	Y234H	8976.2	4985.6	8976.2	4985.6	-0.84822	7.9626e+06	1.4787e+10	1.8685	0.030849	0.96915	0.061698	0.28791	False
S241P	S241P	2684.4	1105.7	2684.4	1105.7	-1.2789	1.2463e+06	6.6251e+08	1.8587	0.031534	0.96847	0.063069	0.28791	False
M237V	M237V	1990.2	764.33	1990.2	764.33	-1.3795	7.5139e+05	3.0681e+08	1.8551	0.031792	0.96821	0.063583	0.28791	False
Y234Ter	Y234Ter	3411.1	1514.1	3411.1	1514.1	-1.1712	1.7993e+06	1.227e+09	1.8534	0.031911	0.96809	0.063822	0.28791	False
P250L	P250L	4723.3	2287.3	4723.3	2287.3	-1.0458	2.9671e+06	2.8347e+09	1.853	0.03194	0.96806	0.06388	0.28791	False
M246I	M246I	6580.5	3532.3	6580.5	3532.3	-0.89742	4.6459e+06	6.6527e+09	1.8465	0.032407	0.96759	0.064814	0.28791	False
S240G	S240G	2051.8	810.56	2051.8	810.56	-1.3389	7.704e+05	3.3186e+08	1.846	0.032445	0.96756	0.064889	0.28791	False
Y236H	Y236H	1450.1	526.23	1450.1	526.23	-1.4606	4.2675e+05	1.3587e+08	1.8438	0.032604	0.9674	0.065208	0.28791	False
C238R	C238R	2061.6	831.46	2061.6	831.46	-1.309	7.566e+05	3.3592e+08	1.8373	0.033084	0.96692	0.066169	0.28791	False
M243I	M243I	7573.2	4411.2	7573.2	4411.2	-0.77959	4.999e+06	9.5494e+09	1.8268	0.033868	0.96613	0.067736	0.28791	False
I255SfsTer90	I255SfsTer90	16.22	81.689	16.22	81.689	2.2636	2143.1	1313.5	1.8064	0.94734	0.052656	0.10531	0.3055	True
R248Q	R248Q	7921.9	4960.2	7921.9	4960.2	-0.67533	4.3857e+06	1.0722e+10	1.7995	0.035971	0.96403	0.071943	0.28791	False
C242R	C242R	2116.7	939.11	2116.7	939.11	-1.1716	6.9339e+05	3.5953e+08	1.7972	0.036151	0.96385	0.072303	0.28791	False
C238F	C238F	2431.4	1166.4	2431.4	1166.4	-1.059	8.0005e+05	5.1355e+08	1.7779	0.037706	0.96229	0.075413	0.28791	False
N239K	N239K	2348.7	1160.1	2348.7	1160.1	-1.017	7.0634e+05	4.6979e+08	1.7603	0.039178	0.96082	0.078356	0.28791	False
S240R	S240R	872.64	334.99	872.64	334.99	-1.3786	1.4454e+05	3.6789e+07	1.7592	0.039272	0.96073	0.078544	0.28791	False
R248W	R248W	6973	4713.3	6973	4713.3	-0.56496	2.5532e+06	7.722e+09	1.7485	0.04019	0.95981	0.080379	0.28791	False
C242Y	C242Y	3295.9	1845.3	3295.9	1845.3	-0.83649	1.0522e+06	1.1233e+09	1.7434	0.040632	0.95937	0.081263	0.28791	False
Y236Ter	Y236Ter	2793.1	1543.2	2793.1	1543.2	-0.8555	7.8109e+05	7.3373e+08	1.7292	0.041885	0.95812	0.08377	0.28791	False
C238S	C238S	765.59	303.96	765.59	303.96	-1.3298	1.0655e+05	2.6272e+07	1.7281	0.041987	0.95801	0.083973	0.28791	False
S241C	S241C	733.15	291.93	733.15	291.93	-1.3255	97338	2.3503e+07	1.7216	0.042571	0.95743	0.085141	0.28791	False
G245S	G245S	5821.4	3978.1	5821.4	3978.1	-0.54918	1.6989e+06	4.8534e+09	1.7208	0.042645	0.95735	0.085291	0.28791	False
I254I	I254I	5930.1	4100.9	5930.1	4100.9	-0.53199	1.6729e+06	5.09e+09	1.7175	0.042944	0.95706	0.085889	0.28791	False
I255T	I255T	3148.3	1861.8	3148.3	1861.8	-0.75761	8.2763e+05	9.9837e+08	1.7121	0.043442	0.95656	0.086885	0.28791	False
S261I	S261I	3831.2	2502.6	3831.2	2502.6	-0.61417	8.8258e+05	1.6543e+09	1.6894	0.045567	0.95443	0.091135	0.29619	False
D259E	D259E	3187.3	2066.9	3187.3	2066.9	-0.62458	6.2757e+05	1.0304e+09	1.6696	0.047495	0.95251	0.094989	0.30289	False
S240C	S240C	251.41	89.288	251.41	89.288	-1.4832	13142	1.4976e+06	1.6512	0.049346	0.95065	0.098691	0.3055	False
D259Y	D259Y	3544.1	2519.7	3544.1	2519.7	-0.492	5.2469e+05	1.3539e+09	1.6387	0.050637	0.94936	0.10127	0.3055	False
L252F	L252F	2210.8	1392.5	2210.8	1392.5	-0.66649	3.348e+05	4.0208e+08	1.6373	0.050782	0.94922	0.10156	0.3055	False
E258Ter	E258Ter	6955.2	6216.6	6955.2	6216.6	-0.16194	2.7275e+05	7.6713e+09	1.6146	0.053198	0.9468	0.1064	0.3055	False
S241T	S241T	283.85	112.09	283.85	112.09	-1.3328	14752	2.0463e+06	1.6134	0.053326	0.94667	0.10665	0.3055	False
G244S	G244S	5354.3	4713.9	5354.3	4713.9	-0.18373	2.0503e+05	3.9137e+09	1.5875	0.056204	0.9438	0.11241	0.3146	False
N239SfsTer392	N239SfsTer392	3.244	0.63325	3.244	0.63325	-1.3777	3.4081	23.89	1.5732	0.057839	0.94216	0.11568	0.3146	False
N239Y	N239Y	131.38	48.127	131.38	48.127	-1.4301	3465.8	2.8212e+05	1.5612	0.059238	0.94076	0.11848	0.3146	False
T256K	T256K	2105.4	1555.9	2105.4	1555.9	-0.43609	1.5096e+05	3.5459e+08	1.5517	0.06037	0.93963	0.12074	0.3146	False
R249M	R249M	3398.1	2851.5	3398.1	2851.5	-0.25292	1.4938e+05	1.2151e+09	1.551	0.060454	0.93955	0.12091	0.3146	False
I255TfsTer392	I255TfsTer392	658.54	365.38	658.54	365.38	-0.84809	42969	1.7832e+07	1.5463	0.061019	0.93898	0.12204	0.3146	False
N239I	N239I	210.86	89.921	210.86	89.921	-1.2204	7313.3	9.5257e+05	1.5394	0.061852	0.93815	0.1237	0.3146	False
L257P	L257P	2030.8	1564.8	2030.8	1564.8	-0.37587	1.0858e+05	3.2315e+08	1.5257	0.063547	0.93645	0.12709	0.3146	False
M246T	M246T	2541.7	2109.4	2541.7	2109.4	-0.26887	93459	5.7564e+08	1.5177	0.064545	0.93545	0.12909	0.3146	False
G245V	G245V	2963.4	2571.6	2963.4	2571.6	-0.20451	76750	8.5441e+08	1.5155	0.064824	0.93518	0.12965	0.3146	False
G245C	G245C	3258.6	2914.2	3258.6	2914.2	-0.1611	59309	1.0908e+09	1.5129	0.065153	0.93485	0.13031	0.3146	False
M237L	M237L	191.4	86.755	191.4	86.755	-1.1325	5475	7.4252e+05	1.4963	0.067293	0.93271	0.13459	0.3172	False
M237K	M237K	107.05	43.061	107.05	43.061	-1.2942	2047.5	1.6661e+05	1.4893	0.0682	0.9318	0.1364	0.3172	False
C242F	C242F	2439.5	2132.8	2439.5	2132.8	-0.19377	47039	5.1797e+08	1.4852	0.068741	0.93126	0.13748	0.3172	False
C238G	C238G	183.29	84.855	183.29	84.855	-1.102	4844.4	6.6426e+05	1.4799	0.069447	0.93055	0.13889	0.3172	False
M243T	M243T	2924.5	2783.8	2924.5	2783.8	-0.071122	9901.5	8.2583e+08	1.4657	0.071366	0.92863	0.14273	0.31739	False
L252IfsTer390	L252IfsTer390	79.479	486.97	79.479	486.97	2.6001	83024	77464	1.4641	0.88311	0.11689	0.23379	0.3951	True
N247I	N247I	1411.2	1207.6	1411.2	1207.6	-0.22455	20715	1.2668e+08	1.4214	0.077603	0.9224	0.15521	0.32831	False
E258V	E258V	1103	908.08	1103	908.08	-0.28022	18991	6.7207e+07	1.4081	0.079546	0.92045	0.15909	0.32831	False
N239TfsTer8	N239TfsTer8	63.258	28.496	63.258	28.496	-1.1234	604.21	43079	1.3665	0.085888	0.91411	0.17178	0.34422	False
S241A	S241A	139.49	78.523	139.49	78.523	-0.82106	1858.7	3.2911e+05	1.3398	0.090155	0.90984	0.18031	0.35026	False
N239H	N239H	76.235	39.261	76.235	39.261	-0.93985	683.51	69594	1.3138	0.094462	0.90554	0.18892	0.35874	False
Y236S	Y236S	124.89	74.723	124.89	74.723	-0.73341	1258.6	2.4767e+05	1.2909	0.098364	0.90164	0.19673	0.36151	False
C238W	C238W	155.71	98.154	155.71	98.154	-0.66039	1656.5	4.3673e+05	1.29	0.098517	0.90148	0.19703	0.36151	False
I255N	I255N	303.32	226.07	303.32	226.07	-0.42243	2983.5	2.427e+06	1.2846	0.099469	0.90053	0.19894	0.36151	False
G244NfsTer390	G244NfsTer390	681.24	6260.3	681.24	6260.3	3.1981	1.5563e+07	1.9457e+07	1.2648	0.81657	0.18343	0.36686	0.5299	True
N239T	N239T	220.59	163.38	220.59	163.38	-0.4309	1636.8	1.0698e+06	1.244	0.10675	0.89325	0.21349	0.38116	False
Y236D	Y236D	43.794	22.797	43.794	22.797	-0.91254	220.44	16746	1.2396	0.10756	0.89244	0.21512	0.38116	False
I251SfsTer94	I251SfsTer94	645.56	630.72	645.56	630.72	-0.033509	110.18	1.6942e+07	1.2358	0.10826	0.89174	0.21652	0.38116	False
C238Ter	C238Ter	236.81	199.47	236.81	199.47	-0.24642	697.15	1.284e+06	1.1776	0.11948	0.88052	0.23895	0.39591	False
C242AfsTer5	C242AfsTer5	58.392	41.161	58.392	41.161	-0.49436	148.46	35069	1.0904	0.13778	0.86222	0.27555	0.44777	False
C242G	C242G	71.369	59.525	71.369	59.525	-0.25782	70.129	58739	1.0093	0.1564	0.8436	0.31281	0.48949	False
L252TfsTer392	L252TfsTer392	103.81	493.3	103.81	493.3	2.2376	75852	1.5393e+05	0.99273	0.73455	0.26545	0.5309	0.71777	True
L257SfsTer8	L257SfsTer8	548.24	3814.1	548.24	3814.1	2.7962	5.3328e+06	1.1128e+07	0.97902	0.71026	0.28974	0.57949	0.77113	True
I254SfsTer91	I254SfsTer91	287.1	1655.9	287.1	1655.9	2.5239	9.3688e+05	2.107e+06	0.94302	0.70118	0.29882	0.59764	0.77905	True
I254TfsTer91	I254TfsTer91	577.44	3817.9	577.44	3817.9	2.7229	5.2502e+06	1.2716e+07	0.90869	0.67792	0.32208	0.64416	0.79743	True
G245AfsTer2	G245AfsTer2	387.66	2272.7	387.66	2272.7	2.5485	1.7767e+06	4.5623e+06	0.88254	0.67004	0.32996	0.65993	0.80203	True
T256_L257insE	T256_L257insE	984.56	7231.1	984.56	7231.1	2.8754	1.9509e+07	5.0181e+07	0.8818	0.65973	0.34027	0.68054	0.81569	True
T256_L257insQ	T256_L257insQ	749.37	5018.5	749.37	5018.5	2.7419	9.1127e+06	2.4864e+07	0.85617	0.64992	0.35008	0.70017	0.82747	True
R248G	R248G	613.12	3564.6	613.12	3564.6	2.5375	4.3555e+06	1.4838e+07	0.76622	0.60625	0.39375	0.7875	0.88474	True
L257TfsTer7	L257TfsTer7	306.56	1451.4	306.56	1451.4	2.2395	6.5534e+05	2.4943e+06	0.72489	0.59397	0.40603	0.81206	0.88882	True
N239IfsTer25	N239IfsTer25	0	3.1662	1.622	3.1662	0.66807	5.0126	5.0925	0.6843	0.67678	0.32322	0.64644	0.79743	True
I254N	I254N	470.38	2341.8	470.38	2341.8	2.3132	1.751e+06	7.5037e+06	0.68316	0.56483	0.43517	0.87035	0.92074	True
D259EfsTer5	D259EfsTer5	280.61	1243.1	280.61	1243.1	2.1433	4.6316e+05	1.9867e+06	0.68283	0.57271	0.42729	0.85457	0.91407	True
Y234S	Y234S	1961	13642	1961	13642	2.7978	6.8224e+07	2.9537e+08	0.67968	0.54466	0.45534	0.91069	0.93276	True
I254HfsTer10	I254HfsTer10	596.9	2974.4	596.9	2974.4	2.3151	2.8262e+06	1.3849e+07	0.63887	0.5362	0.4638	0.92761	0.94306	True
N239VfsTer7	N239VfsTer7	0	1.2665	1.622	1.2665	-0.21021	0.80201	5.0925	0.63263	0.26349	0.73651	0.52698	0.71777	False
Y234_N234del	Y234_N234del	3.244	6.3325	3.244	6.3325	0.78887	4.7693	23.89	0.63188	0.64674	0.35326	0.70652	0.82919	True
T253_I254insC	T253_I254insC	5789	47928	5789	47928	3.0493	8.8785e+08	4.7842e+09	0.60923	0.49154	0.50846	0.98309	0.98309	True
I254MfsTer10	I254MfsTer10	2300	13963	2300	13963	2.6014	6.8014e+07	4.4516e+08	0.55279	0.46595	0.53405	0.9319	0.94306	True
G245R	G245R	2108.6	11961	2108.6	11961	2.5034	4.8533e+07	3.5599e+08	0.52217	0.4476	0.5524	0.89521	0.92805	True
M246K	M246K	150.85	473.67	150.85	473.67	1.6443	52107	4.0248e+05	0.50885	0.48579	0.51421	0.97157	0.97736	True
R249T	R249T	2110.2	11707	2110.2	11707	2.4713	4.6048e+07	3.567e+08	0.50812	0.43858	0.56142	0.87716	0.92074	True
I254_I255insH	I254_I255insH	9456.3	74882	9456.3	74882	2.9851	2.1402e+09	1.6908e+10	0.50315	0.41884	0.58116	0.83767	0.9017	True
I255F	I255F	1000.8	4537.2	1000.8	4537.2	2.1796	6.2532e+06	5.2335e+07	0.48885	0.43699	0.56301	0.87399	0.92074	True
Y234D	Y234D	390.9	1434.9	390.9	1434.9	1.8734	5.4501e+05	4.6612e+06	0.48358	0.4503	0.5497	0.9006	0.92805	True
T253P	T253P	3900.9	23397	3900.9	23397	2.5841	1.9004e+08	1.7329e+09	0.46833	0.40488	0.59512	0.80976	0.88882	True
R248P	R248P	1618.8	7651.6	1618.8	7651.6	2.2402	1.8197e+07	1.8033e+08	0.44924	0.40394	0.59606	0.80787	0.88882	True
S261T	S261T	1182.4	5193.9	1182.4	5193.9	2.1341	8.0459e+06	8.0382e+07	0.44743	0.40759	0.59241	0.81519	0.88882	True
G244A	G244A	4147.5	23991	4147.5	23991	2.5319	1.9688e+08	2.0288e+09	0.44054	0.38554	0.61446	0.77107	0.87457	True
I251L	I251L	653.67	2379.8	653.67	2379.8	1.8626	1.4897e+06	1.7495e+07	0.41267	0.39525	0.60475	0.79051	0.88474	True
N239SfsTer391	N239SfsTer391	0	2.533	1.622	2.533	0.43022	3.208	5.0925	0.40369	0.55067	0.44933	0.89865	0.92805	True
G244R	G244R	2348.7	10723	2348.7	10723	2.1904	3.5068e+07	4.6979e+08	0.38638	0.35633	0.64367	0.71266	0.83062	True
R249GfsTer96	R249GfsTer96	423.35	1324.1	423.35	1324.1	1.6428	4.057e+05	5.7222e+06	0.37656	0.38052	0.61948	0.76104	0.86903	True
M246L	M246L	984.56	3613.3	984.56	3613.3	1.8747	3.4552e+06	5.0181e+07	0.37109	0.36016	0.63984	0.72032	0.83379	True
T256R	T256R	621.23	2068.8	621.23	2068.8	1.734	1.0478e+06	1.5348e+07	0.36951	0.36789	0.63211	0.73579	0.84591	True
D259H	D259H	1570.1	6319.2	1570.1	6319.2	2.0082	1.1277e+07	1.6671e+08	0.36781	0.34991	0.65009	0.69981	0.82747	True
G245A	G245A	5076.9	25643	5076.9	25643	2.3363	2.1149e+08	3.4132e+09	0.35203	0.32213	0.67787	0.64425	0.79743	True
H233D	H233D	2205.9	8852.8	2205.9	8852.8	2.0043	2.2091e+07	3.9981e+08	0.33242	0.32015	0.67985	0.64031	0.79743	True
D259A	D259A	885.62	2905.3	885.62	2905.3	1.7128	2.0397e+06	3.8213e+07	0.32673	0.3322	0.6678	0.66441	0.80203	True
I254S	I254S	1797.2	6746	1797.2	6746	1.9077	1.2245e+07	2.3599e+08	0.32215	0.31633	0.68367	0.63266	0.79743	True
I254F	I254F	733.15	2255	733.15	2255	1.6196	1.158e+06	2.3503e+07	0.31392	0.32728	0.67272	0.65456	0.8016	True
C242W	C242W	1485.8	5051.4	1485.8	5051.4	1.7648	6.357e+06	1.4464e+08	0.29648	0.30179	0.69821	0.60358	0.77905	True
L257V	L257V	574.19	1620.5	574.19	1620.5	1.4952	5.4736e+05	1.2534e+07	0.29554	0.32003	0.67997	0.64006	0.79743	True
I251M	I251M	647.18	1773.7	647.18	1773.7	1.4531	6.3456e+05	1.7052e+07	0.27281	0.30194	0.69806	0.60388	0.77905	True
L257R	L257R	368.2	873.25	368.2	873.25	1.2437	1.2754e+05	3.9961e+06	0.25265	0.30153	0.69847	0.60307	0.77905	True
M246R	M246R	332.51	722.54	332.51	722.54	1.1173	76060	3.0743e+06	0.22244	0.28376	0.71624	0.56752	0.7612	True
I254T	I254T	5211.5	18506	5211.5	18506	1.828	8.8373e+07	3.6509e+09	0.22003	0.22726	0.77274	0.45452	0.63483	True
S240RfsTer25	S240RfsTer25	8.1101	11.398	8.1101	11.398	0.44463	5.4069	226.18	0.21866	0.41366	0.58634	0.82731	0.89626	True
I254L	I254L	1925.3	4967.8	1925.3	4967.8	1.3671	4.6284e+06	2.8174e+08	0.18126	0.21548	0.78452	0.43097	0.61204	True
I251S	I251S	1824.8	4373.2	1824.8	4373.2	1.2605	3.2473e+06	2.4542e+08	0.16268	0.20312	0.79688	0.40624	0.58182	True
D259V	D259V	507.69	991.04	507.69	991.04	0.96361	1.1681e+05	9.1316e+06	0.15995	0.22984	0.77016	0.45967	0.63676	True
S261VfsTer84	S261VfsTer84	314.67	565.49	314.67	565.49	0.84364	31456	2.6676e+06	0.15357	0.2384	0.7616	0.47681	0.65512	True
R249G	R249G	3162.9	7770.6	3162.9	7770.6	1.2965	1.0615e+07	1.0103e+09	0.14496	0.18024	0.81976	0.36047	0.52517	True
C242Ter	C242Ter	3420.8	8491.2	3420.8	8491.2	1.3114	1.2855e+07	1.2361e+09	0.14422	0.17836	0.82164	0.35672	0.52422	True
I254M	I254M	15746	51099	15746	51099	1.6982	6.2491e+08	6.2781e+10	0.14109	0.15457	0.84543	0.30914	0.48826	True
L257Q	L257Q	343.87	585.12	343.87	585.12	0.76516	29102	3.3516e+06	0.13178	0.22092	0.77908	0.44183	0.62225	True
M246V	M246V	4783.3	10742	4783.3	10742	1.1671	1.7756e+07	2.9282e+09	0.11012	0.14772	0.85228	0.29544	0.47103	True
E258Q	E258Q	1489	2763.5	1489	2763.5	0.8917	8.1217e+05	1.4545e+08	0.10568	0.1661	0.8339	0.3322	0.49934	True
C242S	C242S	1067.3	1826.3	1067.3	1826.3	0.77441	2.8805e+05	6.1755e+07	0.096585	0.16694	0.83306	0.33388	0.49934	True
N247T	N247T	1151.6	1965	1151.6	1965	0.77032	3.3076e+05	7.5102e+07	0.093853	0.16324	0.83676	0.32647	0.49934	True
I251F	I251F	648.8	946.07	648.8	946.07	0.54347	44185	1.7162e+07	0.071758	0.16155	0.83845	0.3231	0.49934	True
T256P	T256P	421.72	591.45	421.72	591.45	0.48699	14404	5.666e+06	0.071306	0.17312	0.82688	0.34625	0.5133	True
I251N	I251N	496.34	699.11	496.34	699.11	0.49336	20558	8.6154e+06	0.069083	0.16694	0.83306	0.33388	0.49934	True
R249W	R249W	914.81	1327.3	914.81	1327.3	0.53644	85068	4.1538e+07	0.063999	0.14728	0.85272	0.29456	0.47103	True
G244D	G244D	2814.2	4403.6	2814.2	4403.6	0.64578	1.2631e+06	7.4806e+08	0.058113	0.11858	0.88142	0.23715	0.39591	True
L252P	L252P	3004	4505.6	3004	4505.6	0.58468	1.1274e+06	8.8481e+08	0.050481	0.11171	0.88829	0.22343	0.3881	True
E258A	E258A	1891.3	2621	1891.3	2621	0.47056	2.6627e+05	2.6909e+08	0.044486	0.11657	0.88343	0.23314	0.3951	True
I251T	I251T	3331.6	4425.1	3331.6	4425.1	0.4094	5.9791e+05	1.1548e+09	0.032179	0.096252	0.90375	0.1925	0.36148	True
R249S	R249S	4566	5931	4566	5931	0.37729	9.3168e+05	2.5981e+09	0.026781	0.086565	0.91344	0.17313	0.34422	True
I255S	I255S	510.93	587.66	510.93	587.66	0.20147	2943.1	9.2825e+06	0.025182	0.13526	0.86474	0.27051	0.44385	True
R248L	R248L	3310.5	4037	3310.5	4037	0.28613	2.6386e+05	1.1361e+09	0.021552	0.08851	0.91149	0.17702	0.34786	True
T253A	T253A	6544.8	7649	6544.8	7649	0.22489	6.0963e+05	6.5602e+09	0.013633	0.070725	0.92927	0.14145	0.31739	True
R249K	R249K	3957.7	4404.2	3957.7	4404.2	0.15419	99699	1.7985e+09	0.010529	0.077026	0.92297	0.15405	0.32831	True
T253N	T253N	2911.5	3207.4	2911.5	3207.4	0.13959	43777	8.1643e+08	0.010356	0.082711	0.91729	0.16542	0.33682	True
G244V	G244V	3349.5	3687.4	3349.5	3687.4	0.13864	57107	1.1708e+09	0.0098769	0.079649	0.92035	0.1593	0.32831	True
Y234N	Y234N	695.84	720	695.84	720	0.049174	291.89	2.0548e+07	0.0053301	0.11253	0.88747	0.22505	0.3881	True
G244C	G244C	3295.9	3463.9	3295.9	3463.9	0.07168	14103	1.1233e+09	0.005011	0.076356	0.92364	0.15271	0.32831	True
T253I	T253I	2841.8	2974.4	2841.8	2974.4	0.065775	8792.3	7.6706e+08	0.004788	0.079082	0.92092	0.15816	0.32831	True
E258D	E258D	1438.7	1475.5	1438.7	1475.5	0.03636	675.15	1.3315e+08	0.0031845	0.092581	0.90742	0.18516	0.35559	True
