id	num	neg|score	neg|p-value	neg|fdr	neg|rank	neg|goodsgrna	neg|lfc	pos|score	pos|p-value	pos|fdr	pos|rank	pos|goodsgrna	pos|lfc
WT	1	0.0029586	0.0026393	0.446037	1	1	-1.5055	0.99704	0.99708	0.997081	169	0	-1.5055
E258K	1	0.0088757	0.0083569	0.706155	2	1	-1.4183	0.99112	0.99119	0.997081	168	0	-1.4183
D259N	1	0.014793	0.014613	0.823215	3	1	-1.4152	0.98521	0.98531	0.997081	167	0	-1.4152
G245D	1	0.02071	0.02088	0.882167	4	1	-1.1951	0.97929	0.97928	0.996978	166	0	-1.1951
Y234Y	1	0.026627	0.026637	0.900337	5	1	-1.5558	0.97337	0.97353	0.996978	165	0	-1.5558
D259G	1	0.032544	0.032614	0.918634	6	1	-1.0728	0.96746	0.96818	0.996978	164	0	-1.0728
Y234C	1	0.038462	0.038472	0.928812	7	1	-1.3342	0.96154	0.96209	0.996978	163	0	-1.3342
E258G	1	0.044379	0.044598	0.942137	8	1	-0.9767	0.95562	0.95593	0.996978	162	0	-0.9767
P250P	1	0.050296	0.050456	0.947442	9	1	-1.3409	0.9497	0.95011	0.996978	161	0	-1.3409
Y236N	1	0.056213	0.056323	0.951855	10	1	-2.4911	0.94379	0.94399	0.996978	160	0	-2.4911
E258E	1	0.06213	0.062539	0.960831	11	1	-1.0499	0.93787	0.93823	0.996978	159	0	-1.0499
N239S	1	0.068047	0.068357	0.96269	12	1	-1.5262	0.93195	0.93234	0.996978	158	0	-1.5262
M237I	1	0.073964	0.074294	0.965819	13	1	-1.2669	0.92604	0.92666	0.996978	157	0	-1.2669
C238C	1	0.079882	0.080401	0.970549	14	1	-1.5161	0.92012	0.92066	0.996978	156	0	-1.5161
N235S	1	0.085799	0.086168	0.970826	15	1	-1.4874	0.9142	0.91482	0.996978	155	0	-1.4874
C242C	1	0.091716	0.092015	0.971912	16	1	-1.4176	0.90828	0.90907	0.996978	154	0	-1.4176
N235D	1	0.097633	0.098042	0.974655	17	1	-1.4791	0.90237	0.90335	0.996978	153	0	-1.4791
N235K	1	0.10355	0.10413	0.977656	18	1	-1.3373	0.89645	0.89754	0.996978	152	0	-1.3373
S241F	1	0.10947	0.1103	0.977984	19	1	-1.4271	0.89053	0.89148	0.996978	151	0	-1.4271
S260F	1	0.11538	0.11592	0.977984	20	1	-1.1459	0.88462	0.88527	0.996978	150	0	-1.1459
Y236C	1	0.1213	0.12184	0.977984	21	1	-1.4451	0.8787	0.87949	0.996978	149	0	-1.4451
C238Y	1	0.12722	0.12774	0.977984	22	1	-1.395	0.87278	0.87352	0.996978	148	0	-1.395
S241Y	1	0.13314	0.13364	0.977984	23	1	-1.3273	0.86686	0.86784	0.996978	147	0	-1.3273
N239D	1	0.13905	0.13948	0.977984	24	1	-1.3656	0.86095	0.86205	0.996978	146	0	-1.3656
Y234H	1	0.14497	0.1453	0.977984	25	1	-0.84822	0.85503	0.85562	0.996978	145	0	-0.84822
S241P	1	0.15089	0.15089	0.977984	26	1	-1.2789	0.84911	0.85	0.996978	144	0	-1.2789
M237V	1	0.1568	0.15625	0.977984	27	1	-1.3795	0.8432	0.84409	0.996978	143	0	-1.3795
Y234Ter	1	0.16272	0.16239	0.980155	28	1	-1.1712	0.83728	0.83829	0.996978	142	0	-1.1712
P250L	1	0.16864	0.16864	0.980444	29	1	-1.0458	0.83136	0.83215	0.996978	141	0	-1.0458
M246I	1	0.17456	0.17464	0.980444	30	1	-0.89742	0.82544	0.82644	0.996978	140	0	-0.89742
S240G	1	0.18047	0.17984	0.980444	31	1	-1.3389	0.81953	0.8207	0.996978	139	0	-1.3389
Y236H	1	0.18639	0.18575	0.981002	32	1	-1.4606	0.81361	0.81496	0.996978	138	0	-1.4606
C238R	1	0.19231	0.19185	0.982498	33	1	-1.309	0.80769	0.80949	0.996978	137	0	-1.309
M243I	1	0.19822	0.19767	0.982517	34	1	-0.77959	0.80178	0.8039	0.996978	136	0	-0.77959
R248Q	1	0.20414	0.20383	0.983661	35	1	-0.67533	0.79586	0.79781	0.996978	135	0	-0.67533
C242R	1	0.21006	0.20962	0.983661	36	1	-1.1716	0.78994	0.79178	0.996978	134	0	-1.1716
C238F	1	0.21598	0.21536	0.983661	37	1	-1.059	0.78402	0.78607	0.996978	133	0	-1.059
N239K	1	0.22189	0.22152	0.9852	38	1	-1.017	0.77811	0.78016	0.996978	132	0	-1.017
S240R	1	0.22781	0.22753	0.985969	39	1	-1.3786	0.77219	0.774	0.996978	131	0	-1.3786
R248W	1	0.23373	0.23355	0.986741	40	1	-0.56496	0.76627	0.76806	0.996978	130	0	-0.56496
C242Y	1	0.23964	0.23949	0.987147	41	1	-0.83649	0.76036	0.76217	0.996978	129	0	-0.83649
Y236Ter	1	0.24556	0.24553	0.987274	42	1	-0.8555	0.75444	0.756	0.996978	128	0	-0.8555
C238S	1	0.25148	0.2512	0.987274	43	1	-1.3298	0.74852	0.74989	0.996978	127	0	-1.3298
S241C	1	0.2574	0.25756	0.98925	44	1	-1.3255	0.7426	0.74427	0.996978	126	0	-1.3255
G245S	1	0.26331	0.26383	0.990672	45	1	-0.54918	0.73669	0.73804	0.996978	125	0	-0.54918
I254I	1	0.26923	0.26997	0.990672	46	1	-0.53199	0.73077	0.73226	0.996978	124	0	-0.53199
I255T	1	0.27515	0.27595	0.990672	47	1	-0.75761	0.72485	0.72648	0.996978	123	0	-0.75761
S261I	1	0.28107	0.28137	0.990672	48	1	-0.61417	0.71893	0.72008	0.996978	122	0	-0.61417
D259E	1	0.28698	0.28725	0.990725	49	1	-0.62458	0.71302	0.71405	0.996978	121	0	-0.62458
S240C	1	0.2929	0.29321	0.991046	50	1	-1.4832	0.7071	0.70778	0.996789	120	0	-1.4832
D259Y	1	0.29882	0.29947	0.991084	51	1	-0.492	0.70118	0.70206	0.996789	119	0	-0.492
L252F	1	0.30473	0.30512	0.991084	52	1	-0.66649	0.69527	0.69626	0.996789	118	0	-0.66649
E258Ter	1	0.31065	0.31082	0.991084	53	1	-0.16194	0.68935	0.69057	0.996789	117	0	-0.16194
S241T	1	0.31657	0.31668	0.991084	54	1	-1.3328	0.68343	0.68488	0.996789	116	0	-1.3328
G244S	1	0.32249	0.32262	0.991338	55	1	-0.18373	0.67751	0.67922	0.996789	115	0	-0.18373
N239SfsTer392	1	0.3284	0.3285	0.991373	56	1	-1.3777	0.6716	0.67382	0.996789	114	0	-1.3777
N239Y	1	0.33432	0.33452	0.99182	57	1	-1.4301	0.66568	0.66805	0.996789	113	0	-1.4301
T256K	1	0.34024	0.34057	0.992338	58	1	-0.43609	0.65976	0.6622	0.996789	112	0	-0.43609
R249M	1	0.34615	0.34679	0.992338	59	1	-0.25292	0.65385	0.65668	0.996789	111	0	-0.25292
I255TfsTer392	1	0.35207	0.35282	0.992338	60	1	-0.84809	0.64793	0.65081	0.996789	110	0	-0.84809
N239I	1	0.35799	0.35822	0.992338	61	1	-1.2204	0.64201	0.64441	0.996789	109	0	-1.2204
L257P	1	0.36391	0.3641	0.992338	62	1	-0.37587	0.63609	0.63854	0.996789	108	0	-0.37587
M246T	1	0.36982	0.37015	0.992338	63	1	-0.26887	0.63018	0.63261	0.996789	107	0	-0.26887
G245V	1	0.37574	0.37614	0.992338	64	1	-0.20451	0.62426	0.62634	0.996789	106	0	-0.20451
G245C	1	0.38166	0.38216	0.992338	65	1	-0.1611	0.61834	0.62016	0.996789	105	0	-0.1611
M237L	1	0.38757	0.38815	0.992338	66	1	-1.1325	0.61243	0.61403	0.996789	104	0	-1.1325
M237K	1	0.39349	0.39379	0.992338	67	1	-1.2942	0.60651	0.60814	0.996789	103	0	-1.2942
C242F	1	0.39941	0.39973	0.992338	68	1	-0.19377	0.60059	0.60225	0.996789	102	0	-0.19377
C238G	1	0.40533	0.40516	0.992338	69	1	-1.102	0.59467	0.59591	0.996789	101	0	-1.102
M243T	1	0.41124	0.41152	0.993139	70	1	-0.071122	0.58876	0.58978	0.99672	100	0	-0.071122
N247I	1	0.41716	0.41742	0.993139	71	1	-0.22455	0.58284	0.584	0.99672	99	0	-0.22455
E258V	1	0.42308	0.42333	0.993139	72	1	-0.28022	0.57692	0.57754	0.995965	98	0	-0.28022
N239TfsTer8	1	0.42899	0.42904	0.993139	73	1	-1.1234	0.57101	0.5718	0.995965	97	0	-1.1234
S241A	1	0.43491	0.43514	0.993139	74	1	-0.82106	0.56509	0.56612	0.995965	96	0	-0.82106
N239H	1	0.44083	0.44089	0.993139	75	1	-0.93985	0.55917	0.56002	0.995965	95	0	-0.93985
Y236S	1	0.44675	0.44677	0.993139	76	1	-0.73341	0.55325	0.55376	0.995596	94	0	-0.73341
C238W	1	0.45266	0.45266	0.993139	77	1	-0.66039	0.54734	0.54771	0.995295	93	0	-0.66039
I255N	1	0.45858	0.45856	0.993139	78	1	-0.42243	0.54142	0.54139	0.99451	92	0	-0.42243
N239T	1	0.4645	0.46456	0.993139	79	1	-0.4309	0.5355	0.53527	0.994079	91	0	-0.4309
Y236D	1	0.47041	0.47012	0.993139	80	1	-0.91254	0.52959	0.52957	0.994079	90	0	-0.91254
I251SfsTer94	1	0.47633	0.47634	0.993405	81	1	-0.033509	0.52367	0.52384	0.994079	89	0	-0.033509
C238Ter	1	0.48225	0.4823	0.993405	82	1	-0.24642	0.51775	0.51753	0.993897	88	0	-0.24642
C242AfsTer5	1	0.48817	0.48815	0.993405	83	1	-0.49436	0.51183	0.51178	0.993897	87	0	-0.49436
C242G	1	0.49408	0.49376	0.993405	84	1	-0.25782	0.50592	0.50594	0.993897	86	0	-0.25782
N239VfsTer7	1	0.5	0.50003	0.993897	85	1	-0.21021	0.5	0.50003	0.993897	85	0	-0.21021
E258D	1	0.50592	0.50594	0.993897	86	0	0.03636	0.49408	0.49376	0.993405	84	0	0.03636
T253I	1	0.51183	0.51178	0.993897	87	0	0.065775	0.48817	0.48815	0.993405	83	0	0.065775
G244C	1	0.51775	0.51753	0.993897	88	0	0.07168	0.48225	0.4823	0.993405	82	0	0.07168
Y234N	1	0.52367	0.52384	0.994079	89	0	0.049174	0.47633	0.47634	0.993405	81	0	0.049174
G244V	1	0.52959	0.52957	0.994079	90	0	0.13864	0.47041	0.47012	0.993139	80	0	0.13864
T253N	1	0.5355	0.53527	0.994079	91	0	0.13959	0.4645	0.46456	0.993139	79	0	0.13959
R249K	1	0.54142	0.54139	0.994163	92	0	0.15419	0.45858	0.45856	0.993139	78	0	0.15419
T253A	1	0.54734	0.54771	0.994163	93	0	0.22489	0.45266	0.45266	0.993139	77	0	0.22489
R248L	1	0.55325	0.55376	0.994163	94	0	0.28613	0.44675	0.44677	0.993139	76	0	0.28613
I255S	1	0.55917	0.56002	0.994163	95	0	0.20147	0.44083	0.44089	0.993139	75	0	0.20147
R249S	1	0.56509	0.56612	0.994163	96	0	0.37729	0.43491	0.43514	0.993139	74	0	0.37729
I251T	1	0.57101	0.5718	0.994163	97	0	0.4094	0.42899	0.42904	0.993139	73	0	0.4094
E258A	1	0.57692	0.57754	0.994163	98	0	0.47056	0.42308	0.42333	0.993139	72	0	0.47056
L252P	1	0.58284	0.584	0.994163	99	0	0.58468	0.41716	0.41742	0.993139	71	0	0.58468
G244D	1	0.58876	0.58978	0.994163	100	0	0.64578	0.41124	0.41152	0.993139	70	0	0.64578
R249W	1	0.59467	0.59591	0.994163	101	0	0.53644	0.40533	0.40516	0.992338	69	0	0.53644
I251N	1	0.60059	0.60225	0.994163	102	0	0.49336	0.39941	0.39973	0.992338	68	0	0.49336
T256P	1	0.60651	0.60814	0.994163	103	0	0.48699	0.39349	0.39379	0.992338	67	0	0.48699
I251F	1	0.61243	0.61403	0.994163	104	0	0.54347	0.38757	0.38815	0.992338	66	0	0.54347
N247T	1	0.61834	0.62016	0.994163	105	0	0.77032	0.38166	0.38216	0.992338	65	0	0.77032
C242S	1	0.62426	0.62634	0.994163	106	0	0.77441	0.37574	0.37614	0.992338	64	0	0.77441
E258Q	1	0.63018	0.63261	0.994163	107	0	0.8917	0.36982	0.37015	0.992338	63	0	0.8917
M246V	1	0.63609	0.63854	0.994163	108	0	1.1671	0.36391	0.3641	0.992338	62	0	1.1671
L257Q	1	0.64201	0.64441	0.994163	109	0	0.76516	0.35799	0.35822	0.992338	61	0	0.76516
I254M	1	0.64793	0.65081	0.994163	110	0	1.6982	0.35207	0.35282	0.992338	60	0	1.6982
C242Ter	1	0.65385	0.65668	0.994163	111	0	1.3114	0.34615	0.34679	0.992338	59	0	1.3114
R249G	1	0.65976	0.6622	0.994163	112	0	1.2965	0.34024	0.34057	0.992338	58	0	1.2965
S261VfsTer84	1	0.66568	0.66805	0.994163	113	0	0.84364	0.33432	0.33452	0.99182	57	0	0.84364
D259V	1	0.6716	0.67382	0.994163	114	0	0.96361	0.3284	0.3285	0.991373	56	0	0.96361
I251S	1	0.67751	0.67922	0.994163	115	0	1.2605	0.32249	0.32262	0.991338	55	0	1.2605
I254L	1	0.68343	0.68488	0.994163	116	0	1.3671	0.31657	0.31668	0.991084	54	0	1.3671
S240RfsTer25	1	0.68935	0.69057	0.994163	117	0	0.44463	0.31065	0.31082	0.991084	53	0	0.44463
I254T	1	0.69527	0.69626	0.994163	118	0	1.828	0.30473	0.30512	0.991084	52	0	1.828
M246R	1	0.70118	0.70206	0.994163	119	0	1.1173	0.29882	0.29947	0.991084	51	0	1.1173
L257R	1	0.7071	0.70778	0.994163	120	0	1.2437	0.2929	0.29321	0.991046	50	0	1.2437
I251M	1	0.71302	0.71405	0.994163	121	0	1.4531	0.28698	0.28725	0.990725	49	0	1.4531
L257V	1	0.71893	0.72008	0.994163	122	0	1.4952	0.28107	0.28137	0.990672	48	0	1.4952
C242W	1	0.72485	0.72648	0.994163	123	0	1.7648	0.27515	0.27595	0.990672	47	0	1.7648
I254F	1	0.73077	0.73226	0.994163	124	0	1.6196	0.26923	0.26997	0.990672	46	0	1.6196
I254S	1	0.73669	0.73804	0.994163	125	0	1.9077	0.26331	0.26383	0.990672	45	0	1.9077
D259A	1	0.7426	0.74427	0.994163	126	0	1.7128	0.2574	0.25756	0.98925	44	0	1.7128
H233D	1	0.74852	0.74989	0.994163	127	0	2.0043	0.25148	0.2512	0.987274	43	0	2.0043
G245A	1	0.75444	0.756	0.994163	128	0	2.3363	0.24556	0.24553	0.987274	42	0	2.3363
D259H	1	0.76036	0.76217	0.994163	129	0	2.0082	0.23964	0.23949	0.987147	41	0	2.0082
T256R	1	0.76627	0.76806	0.994163	130	0	1.734	0.23373	0.23355	0.986741	40	0	1.734
M246L	1	0.77219	0.774	0.994163	131	0	1.8747	0.22781	0.22753	0.985969	39	0	1.8747
R249GfsTer96	1	0.77811	0.78016	0.994163	132	0	1.6428	0.22189	0.22152	0.9852	38	0	1.6428
G244R	1	0.78402	0.78607	0.994163	133	0	2.1904	0.21598	0.21536	0.983661	37	0	2.1904
N239SfsTer391	1	0.78994	0.79178	0.994163	134	0	0.43022	0.21006	0.20962	0.983661	36	0	0.43022
I251L	1	0.79586	0.79781	0.994163	135	0	1.8626	0.20414	0.20383	0.983661	35	0	1.8626
G244A	1	0.80178	0.8039	0.994163	136	0	2.5319	0.19822	0.19767	0.982517	34	0	2.5319
S261T	1	0.80769	0.80949	0.994163	137	0	2.1341	0.19231	0.19185	0.982498	33	0	2.1341
R248P	1	0.81361	0.81496	0.994163	138	0	2.2402	0.18639	0.18575	0.981002	32	0	2.2402
T253P	1	0.81953	0.8207	0.994163	139	0	2.5841	0.18047	0.17984	0.980444	31	0	2.5841
Y234D	1	0.82544	0.82644	0.994163	140	0	1.8734	0.17456	0.17464	0.980444	30	0	1.8734
I255F	1	0.83136	0.83215	0.994163	141	0	2.1796	0.16864	0.16864	0.980444	29	0	2.1796
I254_I255insH	1	0.83728	0.83829	0.994163	142	0	2.9851	0.16272	0.16239	0.980155	28	0	2.9851
R249T	1	0.8432	0.84409	0.994163	143	0	2.4713	0.1568	0.15625	0.977984	27	0	2.4713
M246K	1	0.84911	0.85	0.994163	144	0	1.6443	0.15089	0.15089	0.977984	26	0	1.6443
G245R	1	0.85503	0.85562	0.994163	145	0	2.5034	0.14497	0.1453	0.977984	25	0	2.5034
I254MfsTer10	1	0.86095	0.86205	0.994163	146	0	2.6014	0.13905	0.13948	0.977984	24	0	2.6014
T253_I254insC	1	0.86686	0.86784	0.994163	147	0	3.0493	0.13314	0.13364	0.977984	23	0	3.0493
Y234_N234del	1	0.87278	0.87352	0.994163	148	0	0.78887	0.12722	0.12774	0.977984	22	0	0.78887
I254HfsTer10	1	0.8787	0.87949	0.994163	149	0	2.3151	0.1213	0.12184	0.977984	21	0	2.3151
Y234S	1	0.88462	0.88527	0.994163	150	0	2.7978	0.11538	0.11592	0.977984	20	0	2.7978
D259EfsTer5	1	0.89053	0.89148	0.994163	151	0	2.1433	0.10947	0.1103	0.977984	19	0	2.1433
I254N	1	0.89645	0.89754	0.994163	152	0	2.3132	0.10355	0.10413	0.977656	18	0	2.3132
N239IfsTer25	1	0.90237	0.90335	0.994163	153	0	0.66807	0.097633	0.098042	0.974655	17	0	0.66807
L257TfsTer7	1	0.90828	0.90907	0.994163	154	0	2.2395	0.091716	0.092015	0.971912	16	0	2.2395
R248G	1	0.9142	0.91482	0.994163	155	0	2.5375	0.085799	0.086168	0.970826	15	0	2.5375
T256_L257insQ	1	0.92012	0.92066	0.994163	156	0	2.7419	0.079882	0.080401	0.970549	14	0	2.7419
T256_L257insE	1	0.92604	0.92666	0.994163	157	0	2.8754	0.073964	0.074294	0.965819	13	0	2.8754
G245AfsTer2	1	0.93195	0.93234	0.994163	158	0	2.5485	0.068047	0.068357	0.96269	12	0	2.5485
I254TfsTer91	1	0.93787	0.93823	0.994163	159	0	2.7229	0.06213	0.062539	0.960831	11	0	2.7229
I254SfsTer91	1	0.94379	0.94399	0.994163	160	0	2.5239	0.056213	0.056323	0.951855	10	0	2.5239
L257SfsTer8	1	0.9497	0.95011	0.994163	161	0	2.7962	0.050296	0.050456	0.947442	9	0	2.7962
L252TfsTer392	1	0.95562	0.95593	0.994163	162	0	2.2376	0.044379	0.044598	0.942137	8	0	2.2376
G244NfsTer390	1	0.96154	0.96209	0.994163	163	0	3.1981	0.038462	0.038472	0.928812	7	1	3.1981
L252IfsTer390	1	0.96746	0.96818	0.994163	164	0	2.6001	0.032544	0.032614	0.918634	6	1	2.6001
I255SfsTer90	1	0.97337	0.97353	0.994163	165	0	2.2636	0.026627	0.026637	0.900337	5	1	2.2636
N235YfsTer392	1	0.97929	0.97928	0.994163	166	0	2.0015	0.02071	0.02088	0.882167	4	1	2.0015
I255TfsTer90	1	0.98817	0.98828	0.994163	167	0	2.7357	0.011834	0.01156	0.651209	2	1	2.7357
N239_S240insR	1	0.98817	0.98828	0.994163	168	0	2.7357	0.011834	0.01156	0.651209	3	1	2.7357
L252IfsTer391	1	0.99704	0.99708	0.997081	169	0	3.0197	0.0029586	0.0026393	0.446037	1	1	3.0197
