id	num	neg|score	neg|p-value	neg|fdr	neg|rank	neg|goodsgrna	neg|lfc	pos|score	pos|p-value	pos|fdr	pos|rank	pos|goodsgrna	pos|lfc
WT	1	0.0029586	0.0026393	0.446037	1	1	-4.7287	0.99704	0.99708	0.997081	169	0	-4.7287
D259N	1	0.0088757	0.0083569	0.706155	2	1	-4.5743	0.99112	0.99119	0.997081	168	0	-4.5743
E258K	1	0.014793	0.014613	0.823215	3	1	-4.4399	0.98521	0.98531	0.997081	167	0	-4.4399
Y234Y	1	0.02071	0.02088	0.882167	4	1	-4.6176	0.97929	0.97928	0.996978	166	0	-4.6176
C238C	1	0.026627	0.026637	0.900337	5	1	-4.6422	0.97337	0.97353	0.996978	165	0	-4.6422
D259G	1	0.032544	0.032614	0.918634	6	1	-3.7613	0.96746	0.96818	0.996978	164	0	-3.7613
C242C	1	0.038462	0.038472	0.928812	7	1	-4.2481	0.96154	0.96209	0.996978	163	0	-4.2481
N235S	1	0.044379	0.044598	0.942137	8	1	-4.0749	0.95562	0.95593	0.996978	162	0	-4.0749
N235D	1	0.050296	0.050456	0.947442	9	1	-3.9856	0.9497	0.95011	0.996978	161	0	-3.9856
S240G	1	0.056213	0.056323	0.951855	10	1	-4.041	0.94379	0.94399	0.996978	160	0	-4.041
C238Y	1	0.06213	0.062539	0.960831	11	1	-3.9468	0.93787	0.93823	0.996978	159	0	-3.9468
Y236C	1	0.068047	0.068357	0.96269	12	1	-3.9172	0.93195	0.93234	0.996978	158	0	-3.9172
P250P	1	0.073964	0.074294	0.965819	13	1	-3.5353	0.92604	0.92666	0.996978	157	0	-3.5353
N239S	1	0.079882	0.080401	0.970549	14	1	-3.7727	0.92012	0.92066	0.996978	156	0	-3.7727
M237I	1	0.085799	0.086168	0.970826	15	1	-3.5856	0.9142	0.91482	0.996978	155	0	-3.5856
E258G	1	0.091716	0.092015	0.971912	16	1	-3.1734	0.90828	0.90907	0.996978	154	0	-3.1734
E258E	1	0.097633	0.098042	0.974655	17	1	-3.2913	0.90237	0.90335	0.996978	153	0	-3.2913
N239D	1	0.10355	0.10413	0.977656	18	1	-3.7648	0.89645	0.89754	0.996978	152	0	-3.7648
S241F	1	0.10947	0.1103	0.977984	19	1	-3.7071	0.89053	0.89148	0.996978	151	0	-3.7071
M237V	1	0.11538	0.11592	0.977984	20	1	-3.7918	0.88462	0.88527	0.996978	150	0	-3.7918
N235K	1	0.1213	0.12184	0.977984	21	1	-3.5901	0.8787	0.87949	0.996978	149	0	-3.5901
Y234C	1	0.12722	0.12774	0.977984	22	1	-3.2569	0.87278	0.87352	0.996978	148	0	-3.2569
C238R	1	0.13314	0.13364	0.977984	23	1	-3.665	0.86686	0.86784	0.996978	147	0	-3.665
C238S	1	0.13905	0.13948	0.977984	24	1	-3.9247	0.86095	0.86205	0.996978	146	0	-3.9247
S241Y	1	0.14497	0.1453	0.977984	25	1	-3.4908	0.85503	0.85562	0.996978	145	0	-3.4908
Y236H	1	0.15089	0.15089	0.977984	26	1	-3.6412	0.84911	0.85	0.996978	144	0	-3.6412
C238F	1	0.1568	0.15625	0.977984	27	1	-3.4595	0.8432	0.84409	0.996978	143	0	-3.4595
S240C	1	0.16272	0.16239	0.980155	28	1	-3.9679	0.83728	0.83829	0.996978	142	0	-3.9679
C242R	1	0.16864	0.16864	0.980444	29	1	-3.3186	0.83136	0.83215	0.996978	141	0	-3.3186
N239K	1	0.17456	0.17464	0.980444	30	1	-3.2483	0.82544	0.82644	0.996978	140	0	-3.2483
S240R	1	0.18047	0.17984	0.980444	31	1	-3.5151	0.81953	0.8207	0.996978	139	0	-3.5151
N239I	1	0.18639	0.18575	0.981002	32	1	-3.7551	0.81361	0.81496	0.996978	138	0	-3.7551
G245D	1	0.19231	0.19185	0.982498	33	1	-2.4816	0.80769	0.80949	0.996978	137	0	-2.4816
S241P	1	0.19822	0.19767	0.982517	34	1	-2.9867	0.80178	0.8039	0.996978	136	0	-2.9867
M237K	1	0.20414	0.20383	0.983661	35	1	-3.7274	0.79586	0.79781	0.996978	135	0	-3.7274
C238G	1	0.21006	0.20962	0.983661	36	1	-3.5535	0.78994	0.79178	0.996978	134	0	-3.5535
S260F	1	0.21598	0.21536	0.983661	37	1	-2.6181	0.78402	0.78607	0.996978	133	0	-2.6181
S241T	1	0.22189	0.22152	0.9852	38	1	-3.3297	0.77811	0.78016	0.996978	132	0	-3.3297
Y234H	1	0.22781	0.22753	0.985969	39	1	-2.2908	0.77219	0.774	0.996978	131	0	-2.2908
S241C	1	0.23373	0.23355	0.986741	40	1	-2.9834	0.76627	0.76806	0.996978	130	0	-2.9834
L252F	1	0.23964	0.23949	0.987147	41	1	-2.6823	0.76036	0.76217	0.996978	129	0	-2.6823
N239Y	1	0.24556	0.24553	0.987274	42	1	-3.3682	0.75444	0.756	0.996978	128	0	-3.3682
M237L	1	0.25148	0.2512	0.987274	43	1	-3.2563	0.74852	0.74989	0.996978	127	0	-3.2563
I255T	1	0.2574	0.25756	0.98925	44	1	-2.378	0.7426	0.74427	0.996978	126	0	-2.378
P250L	1	0.26331	0.26383	0.990672	45	1	-2.2184	0.73669	0.73804	0.996978	125	0	-2.2184
C238W	1	0.26923	0.26997	0.990672	46	1	-3.0584	0.73077	0.73226	0.996978	124	0	-3.0584
M246I	1	0.27515	0.27595	0.990672	47	1	-2.0012	0.72485	0.72648	0.996978	123	0	-2.0012
Y234Ter	1	0.28107	0.28137	0.990672	48	1	-2.166	0.71893	0.72008	0.996978	122	0	-2.166
D259E	1	0.28698	0.28725	0.990725	49	1	-2.1714	0.71302	0.71405	0.996978	121	0	-2.1714
S261I	1	0.2929	0.29321	0.991046	50	1	-2.059	0.7071	0.70778	0.996789	120	0	-2.059
Y236S	1	0.29882	0.29947	0.991084	51	1	-2.6588	0.70118	0.70206	0.996789	119	0	-2.6588
Y236Ter	1	0.30473	0.30512	0.991084	52	1	-1.6976	0.69527	0.69626	0.996789	118	0	-1.6976
D259Y	1	0.31065	0.31082	0.991084	53	1	-1.616	0.68935	0.69057	0.996789	117	0	-1.616
E258Ter	1	0.31657	0.31668	0.991084	54	1	-1.4045	0.68343	0.68488	0.996789	116	0	-1.4045
S241A	1	0.32249	0.32262	0.991338	55	1	-2.4378	0.67751	0.67922	0.996789	115	0	-2.4378
M243I	1	0.3284	0.3285	0.991373	56	1	-1.3519	0.6716	0.67382	0.996789	114	0	-1.3519
L257P	1	0.33432	0.33452	0.99182	57	1	-1.667	0.66568	0.66805	0.996789	113	0	-1.667
T256K	1	0.34024	0.34057	0.992338	58	1	-1.6332	0.65976	0.6622	0.996789	112	0	-1.6332
Y236N	1	0.34615	0.34679	0.992338	59	1	-2.0727	0.65385	0.65668	0.996789	111	0	-2.0727
N239T	1	0.35207	0.35282	0.992338	60	1	-2.0948	0.64793	0.65081	0.996789	110	0	-2.0948
I254I	1	0.35799	0.35822	0.992338	61	1	-1.1715	0.64201	0.64441	0.996789	109	0	-1.1715
Y236D	1	0.36391	0.3641	0.992338	62	1	-2.2649	0.63609	0.63854	0.996789	108	0	-2.2649
C242Y	1	0.36982	0.37015	0.992338	63	1	-1.1318	0.63018	0.63261	0.996789	107	0	-1.1318
N239H	1	0.37574	0.37614	0.992338	64	1	-1.9349	0.62426	0.62634	0.996789	106	0	-1.9349
T256P	1	0.38166	0.38216	0.992338	65	1	-1.4981	0.61834	0.62016	0.996789	105	0	-1.4981
I251T	1	0.38757	0.38815	0.992338	66	1	-0.85292	0.61243	0.61403	0.996789	104	0	-0.85292
E258V	1	0.39349	0.39379	0.992338	67	1	-1.1217	0.60651	0.60814	0.996789	103	0	-1.1217
I255S	1	0.39941	0.39973	0.992338	68	1	-1.2424	0.60059	0.60225	0.996789	102	0	-1.2424
N247I	1	0.40533	0.40516	0.992338	69	1	-0.91034	0.59467	0.59591	0.996789	101	0	-0.91034
I255N	1	0.41124	0.41152	0.993139	70	1	-1.3217	0.58876	0.58978	0.99672	100	0	-1.3217
G245S	1	0.41716	0.41742	0.993139	71	1	-0.4789	0.58284	0.584	0.99672	99	0	-0.4789
T253A	1	0.42308	0.42333	0.993139	72	1	-0.38142	0.57692	0.57754	0.995965	98	0	-0.38142
M246T	1	0.42899	0.42904	0.993139	73	1	-0.54346	0.57101	0.5718	0.995965	97	0	-0.54346
L252P	1	0.43491	0.43514	0.993139	74	1	-0.47447	0.56509	0.56612	0.995965	96	0	-0.47447
R248Q	1	0.44083	0.44089	0.993139	75	1	-0.027851	0.55917	0.56002	0.995965	95	0	-0.027851
G244S	1	0.44675	0.44677	0.993139	76	1	-0.049399	0.55325	0.55376	0.995596	94	0	-0.049399
G245V	1	0.45266	0.45266	0.993139	77	1	-0.14633	0.54734	0.54771	0.995295	93	0	-0.14633
G245C	1	0.45858	0.45856	0.993139	78	1	-0.089253	0.54142	0.54139	0.99451	92	0	-0.089253
E258D	1	0.4645	0.46456	0.993139	79	1	-0.23324	0.5355	0.53527	0.994079	91	0	-0.23324
T253N	1	0.47041	0.47012	0.993139	80	1	-0.030389	0.52959	0.52957	0.994079	90	0	-0.030389
T253I	1	0.47633	0.47634	0.993405	81	1	-0.031171	0.52367	0.52384	0.994079	89	0	-0.031171
E258A	1	0.48225	0.4823	0.993405	82	1	-0.087571	0.51775	0.51753	0.993897	88	0	-0.087571
I251SfsTer94	1	0.48817	0.48815	0.993405	83	1	-0.17509	0.51183	0.51178	0.993897	87	0	-0.17509
Y234N	1	0.49408	0.49376	0.993405	84	1	-0.022281	0.50592	0.50594	0.993897	86	0	-0.022281
C242G	1	0.5	0.50003	0.993897	85	1	-0.0047532	0.5	0.50003	0.993897	85	0	-0.0047532
N239IfsTer25	1	0.50592	0.50594	0.993897	86	0	-0.38098	0.49408	0.49376	0.993405	84	0	-0.38098
N239SfsTer392	1	0.51183	0.51178	0.993897	87	0	-0.054289	0.48817	0.48815	0.993405	83	0	-0.054289
C242AfsTer5	1	0.51775	0.51753	0.993897	88	0	0.024131	0.48225	0.4823	0.993405	82	0	0.024131
I251M	1	0.52367	0.52384	0.994079	89	0	0.093361	0.47633	0.47634	0.993405	81	0	0.093361
I255TfsTer392	1	0.52959	0.52957	0.994079	90	0	0.11293	0.47041	0.47012	0.993139	80	0	0.11293
M243T	1	0.5355	0.53527	0.994079	91	0	0.29479	0.4645	0.46456	0.993139	79	0	0.29479
R249M	1	0.54142	0.54139	0.99451	92	0	0.31346	0.45858	0.45856	0.993139	78	0	0.31346
D259V	1	0.54734	0.54771	0.995295	93	0	0.2605	0.45266	0.45266	0.993139	77	0	0.2605
R249K	1	0.55325	0.55376	0.995596	94	0	0.48581	0.44675	0.44677	0.993139	76	0	0.48581
I254L	1	0.55917	0.56002	0.995965	95	0	0.42884	0.44083	0.44089	0.993139	75	0	0.42884
I251F	1	0.56509	0.56612	0.995965	96	0	0.34826	0.43491	0.43514	0.993139	74	0	0.34826
I251N	1	0.57101	0.5718	0.995965	97	0	0.34619	0.42899	0.42904	0.993139	73	0	0.34619
I254M	1	0.57692	0.57754	0.995965	98	0	0.79235	0.42308	0.42333	0.993139	72	0	0.79235
R248W	1	0.58284	0.584	0.99672	99	0	0.74586	0.41716	0.41742	0.993139	71	0	0.74586
G244C	1	0.58876	0.58978	0.99672	100	0	0.66085	0.41124	0.41152	0.993139	70	0	0.66085
R249W	1	0.59467	0.59591	0.996789	101	0	0.56908	0.40533	0.40516	0.992338	69	0	0.56908
E258Q	1	0.60059	0.60225	0.996789	102	0	0.62787	0.39941	0.39973	0.992338	68	0	0.62787
C242F	1	0.60651	0.60814	0.996789	103	0	0.69833	0.39349	0.39379	0.992338	67	0	0.69833
G244V	1	0.61243	0.61403	0.996789	104	0	0.7528	0.38757	0.38815	0.992338	66	0	0.7528
Y234_N234del	1	0.61834	0.62016	0.996789	105	0	0.18438	0.38166	0.38216	0.992338	65	0	0.18438
N247T	1	0.62426	0.62634	0.996789	106	0	0.73289	0.37574	0.37614	0.992338	64	0	0.73289
R249S	1	0.63018	0.63261	0.996789	107	0	1.0184	0.36982	0.37015	0.992338	63	0	1.0184
L257Q	1	0.63609	0.63854	0.996789	108	0	0.71842	0.36391	0.3641	0.992338	62	0	0.71842
D259A	1	0.64201	0.64441	0.996789	109	0	0.87343	0.35799	0.35822	0.992338	61	0	0.87343
D259H	1	0.64793	0.65081	0.996789	110	0	0.96313	0.35207	0.35282	0.992338	60	0	0.96313
T256R	1	0.65385	0.65668	0.996789	111	0	0.86493	0.34615	0.34679	0.992338	59	0	0.86493
R249G	1	0.65976	0.6622	0.996789	112	0	1.1553	0.34024	0.34057	0.992338	58	0	1.1553
M246R	1	0.66568	0.66805	0.996789	113	0	0.84313	0.33432	0.33452	0.99182	57	0	0.84313
L257V	1	0.6716	0.67382	0.996789	114	0	0.93834	0.3284	0.3285	0.991373	56	0	0.93834
G244D	1	0.67751	0.67922	0.996789	115	0	1.2306	0.32249	0.32262	0.991338	55	0	1.2306
M246V	1	0.68343	0.68488	0.996789	116	0	1.3629	0.31657	0.31668	0.991084	54	0	1.3629
I251S	1	0.68935	0.69057	0.996789	117	0	1.2582	0.31065	0.31082	0.991084	53	0	1.2582
S261T	1	0.69527	0.69626	0.996789	118	0	1.2266	0.30473	0.30512	0.991084	52	0	1.2266
R248L	1	0.70118	0.70206	0.996789	119	0	1.4584	0.29882	0.29947	0.991084	51	0	1.4584
I254F	1	0.7071	0.70778	0.996789	120	0	1.232	0.2929	0.29321	0.991046	50	0	1.232
C238Ter	1	0.71302	0.71405	0.996978	121	0	1.0869	0.28698	0.28725	0.990725	49	0	1.0869
S261VfsTer84	1	0.71893	0.72008	0.996978	122	0	1.1872	0.28107	0.28137	0.990672	48	0	1.1872
S240RfsTer25	1	0.72485	0.72648	0.996978	123	0	0.62753	0.27515	0.27595	0.990672	47	0	0.62753
L257R	1	0.73077	0.73226	0.996978	124	0	1.295	0.26923	0.26997	0.990672	46	0	1.295
I251L	1	0.73669	0.73804	0.996978	125	0	1.445	0.26331	0.26383	0.990672	45	0	1.445
N239TfsTer8	1	0.7426	0.74427	0.996978	126	0	1.0477	0.2574	0.25756	0.98925	44	0	1.0477
C242S	1	0.74852	0.74989	0.996978	127	0	1.6454	0.25148	0.2512	0.987274	43	0	1.6454
Y234D	1	0.75444	0.756	0.996978	128	0	1.4692	0.24556	0.24553	0.987274	42	0	1.4692
D259EfsTer5	1	0.76036	0.76217	0.996978	129	0	1.5018	0.23964	0.23949	0.987147	41	0	1.5018
I254T	1	0.76627	0.76806	0.996978	130	0	2.3157	0.23373	0.23355	0.986741	40	0	2.3157
M246L	1	0.77219	0.774	0.996978	131	0	2.009	0.22781	0.22753	0.985969	39	0	2.009
M246K	1	0.77811	0.78016	0.996978	132	0	1.5761	0.22189	0.22152	0.9852	38	0	1.5761
T253P	1	0.78402	0.78607	0.996978	133	0	2.4097	0.21598	0.21536	0.983661	37	0	2.4097
H233D	1	0.78994	0.79178	0.996978	134	0	2.3352	0.21006	0.20962	0.983661	36	0	2.3352
L257TfsTer7	1	0.79586	0.79781	0.996978	135	0	1.8802	0.20414	0.20383	0.983661	35	0	1.8802
I254HfsTer10	1	0.80178	0.8039	0.996978	136	0	2.1372	0.19822	0.19767	0.982517	34	0	2.1372
G245R	1	0.80769	0.80949	0.996978	137	0	2.5067	0.19231	0.19185	0.982498	33	0	2.5067
T256_L257insQ	1	0.81361	0.81496	0.996978	138	0	2.2389	0.18639	0.18575	0.981002	32	0	2.2389
T256_L257insE	1	0.81953	0.8207	0.996978	139	0	2.3154	0.18047	0.17984	0.980444	31	0	2.3154
Y234S	1	0.82544	0.82644	0.996978	140	0	2.4987	0.17456	0.17464	0.980444	30	0	2.4987
G245A	1	0.83136	0.83215	0.996978	141	0	2.7688	0.16864	0.16864	0.980444	29	0	2.7688
L257SfsTer8	1	0.83728	0.83829	0.996978	142	0	2.6722	0.16272	0.16239	0.980155	28	1	2.6722
I254S	1	0.8432	0.84409	0.996978	143	0	3.0103	0.1568	0.15625	0.977984	27	1	3.0103
C242Ter	1	0.84911	0.85	0.996978	144	0	3.2761	0.15089	0.15089	0.977984	26	1	3.2761
G244R	1	0.85503	0.85562	0.996978	145	0	3.2693	0.14497	0.1453	0.977984	25	1	3.2693
I254MfsTer10	1	0.86095	0.86205	0.996978	146	0	3.2648	0.13905	0.13948	0.977984	24	1	3.2648
G244A	1	0.86686	0.86784	0.996978	147	0	3.4684	0.13314	0.13364	0.977984	23	1	3.4684
C242W	1	0.87278	0.87352	0.996978	148	0	3.2147	0.12722	0.12774	0.977984	22	1	3.2147
R249T	1	0.8787	0.87949	0.996978	149	0	3.334	0.1213	0.12184	0.977984	21	1	3.334
R248P	1	0.88462	0.88527	0.996978	150	0	3.414	0.11538	0.11592	0.977984	20	1	3.414
T253_I254insC	1	0.89053	0.89148	0.996978	151	0	3.9834	0.10947	0.1103	0.977984	19	1	3.9834
R249GfsTer96	1	0.89645	0.89754	0.996978	152	0	3.3686	0.10355	0.10413	0.977656	18	1	3.3686
I255F	1	0.90237	0.90335	0.996978	153	0	3.7172	0.097633	0.098042	0.974655	17	1	3.7172
L252TfsTer392	1	0.90828	0.90907	0.996978	154	0	3.301	0.091716	0.092015	0.971912	16	1	3.301
I254N	1	0.9142	0.91482	0.996978	155	0	3.7787	0.085799	0.086168	0.970826	15	1	3.7787
G245AfsTer2	1	0.92012	0.92066	0.996978	156	0	3.7608	0.079882	0.080401	0.970549	14	1	3.7608
I254SfsTer91	1	0.92604	0.92666	0.996978	157	0	3.9601	0.073964	0.074294	0.965819	13	1	3.9601
I254_I255insH	1	0.93195	0.93234	0.996978	158	0	5.1114	0.068047	0.068357	0.96269	12	1	5.1114
I254TfsTer91	1	0.93787	0.93823	0.996978	159	0	4.5448	0.06213	0.062539	0.960831	11	1	4.5448
R248G	1	0.94379	0.94399	0.996978	160	0	4.7411	0.056213	0.056323	0.951855	10	1	4.7411
G244NfsTer390	1	0.9497	0.95011	0.996978	161	0	4.7847	0.050296	0.050456	0.947442	9	1	4.7847
I255SfsTer90	1	0.95562	0.95593	0.996978	162	0	3.6936	0.044379	0.044598	0.942137	8	1	3.6936
L252IfsTer390	1	0.96154	0.96209	0.996978	163	0	4.3187	0.038462	0.038472	0.928812	7	1	4.3187
N239VfsTer7	1	0.96746	0.96818	0.996978	164	0	3.8454	0.032544	0.032614	0.918634	6	1	3.8454
N239_S240insR	1	0.97337	0.97353	0.996978	165	0	4.3418	0.026627	0.026637	0.900337	5	1	4.3418
I255TfsTer90	1	0.97929	0.97928	0.996978	166	0	4.5471	0.02071	0.02088	0.882167	4	1	4.5471
L252IfsTer391	1	0.98521	0.98531	0.997081	167	0	4.7049	0.014793	0.014613	0.823215	3	1	4.7049
N239SfsTer391	1	0.99112	0.99119	0.997081	168	0	4.862	0.0088757	0.0083569	0.706155	2	1	4.862
N235YfsTer392	1	0.99704	0.99708	0.997081	169	0	5.2849	0.0029586	0.0026393	0.446037	1	1	5.2849
