id	num	neg|score	neg|p-value	neg|fdr	neg|rank	neg|goodsgrna	neg|lfc	pos|score	pos|p-value	pos|fdr	pos|rank	pos|goodsgrna	pos|lfc
WT	1	0.0065789	0.0062093	0.471906	1	1	-1.9597	0.99342	0.99341	0.993411	76	0	-1.9597
E358E	1	0.019737	0.020037	0.76139	2	1	-1.9658	0.98026	0.98009	0.993161	75	0	-1.9658
E339K	1	0.032895	0.032985	0.835611	3	1	-1.9105	0.96711	0.96773	0.993161	74	0	-1.9105
S362AfsTer8	1	0.046053	0.046262	0.878986	4	1	-1.7186	0.95395	0.9543	0.993161	73	0	-1.7186
R342Q	1	0.059211	0.0596	0.905923	5	1	-1.9138	0.94079	0.94113	0.993161	72	0	-1.9138
R335C	1	0.072368	0.072788	0.921982	6	1	-1.7471	0.92763	0.92813	0.993161	71	0	-1.7471
R333C	1	0.085526	0.085976	0.933453	7	1	-1.5843	0.91447	0.91506	0.993161	70	0	-1.5843
L350L	1	0.098684	0.099284	0.943195	8	1	-1.8348	0.90132	0.90221	0.993161	69	0	-1.8348
F338L	1	0.11184	0.11259	0.950772	9	1	-1.5516	0.88816	0.88918	0.993161	68	0	-1.5516
S362G	1	0.125	0.12568	0.955163	10	1	-1.742	0.875	0.87574	0.993161	67	0	-1.742
L344M	1	0.13816	0.1387	0.958273	11	1	-1.7709	0.86184	0.86295	0.993161	66	0	-1.7709
G334G	1	0.15132	0.15137	0.95865	12	1	-1.5936	0.84868	0.84961	0.993161	65	0	-1.5936
R342QfsTer3	1	0.16447	0.16409	0.959319	13	1	-2.6743	0.83553	0.83641	0.993161	64	0	-2.6743
S362R	1	0.17763	0.17758	0.963832	14	1	-2.6374	0.82237	0.82334	0.993161	63	0	-2.6374
R335H	1	0.19079	0.19023	0.963832	15	1	-1.5122	0.80921	0.8107	0.993161	62	0	-1.5122
R342R	1	0.20395	0.20366	0.967374	16	1	-1.5429	0.79605	0.798	0.993161	61	0	-1.5429
R342Ter	1	0.21711	0.21675	0.96898	17	1	-1.5105	0.78289	0.78499	0.993161	60	0	-1.5105
R337S	1	0.23026	0.23011	0.971589	18	1	-1.5944	0.76974	0.77149	0.993161	59	0	-1.5944
R337C	1	0.24342	0.24339	0.973564	19	1	-1.4465	0.75658	0.75815	0.993161	58	0	-1.4465
F338F	1	0.25658	0.25676	0.975683	20	1	-1.3722	0.74342	0.74507	0.993161	57	0	-1.3722
R337H	1	0.26974	0.27045	0.977928	21	1	-1.4239	0.73026	0.73166	0.99297	56	0	-1.4239
E336Ter	1	0.28289	0.28308	0.977928	22	1	-1.3974	0.71711	0.71833	0.992607	55	0	-1.3974
Q354Ter	1	0.29605	0.29693	0.979768	23	1	-1.4463	0.70395	0.70488	0.992048	54	0	-1.4463
E343D	1	0.30921	0.3094	0.979768	24	1	-1.348	0.69079	0.69201	0.992048	53	0	-1.348
R337L	1	0.32237	0.32257	0.980607	25	1	-1.3023	0.67763	0.67933	0.992048	52	0	-1.3023
I332F	1	0.33553	0.33569	0.981236	26	1	-1.1512	0.66447	0.66668	0.992048	51	0	-1.1512
E339Ter	1	0.34868	0.34922	0.982224	27	1	-1.047	0.65132	0.65416	0.992048	50	0	-1.047
G334R	1	0.36184	0.36187	0.982224	28	1	-0.80719	0.63816	0.64069	0.992048	49	0	-0.80719
E343Ter	1	0.375	0.37544	0.983911	29	1	-0.84436	0.625	0.62699	0.992048	48	0	-0.84436
E346K	1	0.38816	0.38874	0.984557	30	1	-0.71275	0.61184	0.61341	0.991898	47	0	-0.71275
G334W	1	0.40132	0.4016	0.984557	31	1	-0.72175	0.59868	0.60016	0.991573	46	0	-0.72175
E336G	1	0.41447	0.41476	0.985063	32	1	-0.67675	0.58553	0.5867	0.990863	45	0	-0.67675
G334E	1	0.42763	0.42774	0.985102	33	1	-0.6329	0.57237	0.57313	0.989948	44	0	-0.6329
R342SfsTer8	1	0.44079	0.44086	0.985415	34	1	-1.3342	0.55921	0.56007	0.989891	43	0	-1.3342
F341S	1	0.45395	0.45387	0.985415	35	1	-0.33052	0.54605	0.54659	0.989071	42	0	-0.33052
Q354Q	1	0.46711	0.46678	0.985415	36	1	-0.32729	0.53289	0.5327	0.987453	41	0	-0.32729
F338S	1	0.48026	0.48032	0.986482	37	1	-0.082182	0.51974	0.51956	0.987158	40	0	-0.082182
S362S	1	0.49342	0.49324	0.986482	38	1	-1.008	0.50658	0.50678	0.987158	39	0	-1.008
F341_R342insQLRDV	1	0.50658	0.50678	0.987158	39	0	-0.74216	0.49342	0.49324	0.986482	38	0	-0.74216
L350I	1	0.51974	0.51956	0.987158	40	0	0.035515	0.48026	0.48032	0.986482	37	0	0.035515
F341Y	1	0.53289	0.5327	0.987453	41	0	0.07513	0.46711	0.46678	0.985415	36	0	0.07513
Q354R	1	0.54605	0.54659	0.989071	42	0	0.50778	0.45395	0.45387	0.985415	35	0	0.50778
A347D	1	0.55921	0.56007	0.989891	43	0	0.57202	0.44079	0.44086	0.985415	34	0	0.57202
R335VfsTer10	1	0.57237	0.57313	0.989948	44	0	0.36196	0.42763	0.42774	0.985102	33	0	0.36196
E346E	1	0.58553	0.5867	0.990863	45	0	1.0285	0.41447	0.41476	0.985063	32	0	1.0285
L344P	1	0.59868	0.60016	0.991573	46	0	1.1985	0.40132	0.4016	0.984557	31	0	1.1985
E346Ter	1	0.61184	0.61341	0.991898	47	0	1.2161	0.38816	0.38874	0.984557	30	0	1.2161
G334V	1	0.625	0.62699	0.992048	48	0	1.2185	0.375	0.37544	0.983911	29	0	1.2185
I332N	1	0.63816	0.64069	0.992048	49	0	0.98989	0.36184	0.36187	0.982224	28	0	0.98989
R337G	1	0.65132	0.65416	0.992048	50	0	1.0468	0.34868	0.34922	0.982224	27	0	1.0468
I332S	1	0.66447	0.66668	0.992048	51	0	1.039	0.33553	0.33569	0.981236	26	0	1.039
N345S	1	0.67763	0.67933	0.992048	52	0	1.9971	0.32237	0.32257	0.980607	25	0	1.9971
L344R	1	0.69079	0.69201	0.992048	53	0	1.2411	0.30921	0.3094	0.979768	24	0	1.2411
A347T	1	0.70395	0.70488	0.992048	54	0	1.8616	0.29605	0.29693	0.979768	23	0	1.8616
G356A	1	0.71711	0.71833	0.992607	55	0	1.6622	0.28289	0.28308	0.977928	22	0	1.6622
E349Ter	1	0.73026	0.73166	0.99297	56	0	2.0984	0.26974	0.27045	0.977928	21	0	2.0984
R337P	1	0.74342	0.74507	0.993161	57	0	1.5795	0.25658	0.25676	0.975683	20	0	1.5795
A355P	1	0.75658	0.75815	0.993161	58	0	2.2555	0.24342	0.24339	0.973564	19	0	2.2555
R342P	1	0.76974	0.77149	0.993161	59	0	1.5969	0.23026	0.23011	0.971589	18	0	1.5969
L344Q	1	0.78289	0.78499	0.993161	60	0	1.6556	0.21711	0.21675	0.96898	17	0	1.6556
Q354L	1	0.79605	0.798	0.993161	61	0	1.986	0.20395	0.20366	0.967374	16	0	1.986
L348W	1	0.80921	0.8107	0.993161	62	0	2.3436	0.19079	0.19023	0.963832	15	0	2.3436
E349NfsTer21	1	0.82237	0.82334	0.993161	63	0	1.8722	0.17763	0.17758	0.963832	14	0	1.8722
R333P	1	0.83553	0.83641	0.993161	64	0	2.4674	0.16447	0.16409	0.959319	13	0	2.4674
F341C	1	0.84868	0.84961	0.993161	65	0	2.4052	0.15132	0.15137	0.95865	12	1	2.4052
K351Ter	1	0.86184	0.86295	0.993161	66	0	2.5742	0.13816	0.1387	0.958273	11	1	2.5742
E339DfsTer10	1	0.875	0.87574	0.993161	67	0	1.5909	0.125	0.12568	0.955163	10	1	1.5909
E339VfsTer8	1	0.88816	0.88918	0.993161	68	0	2.5202	0.11184	0.11259	0.950772	9	1	2.5202
L348Ter	1	0.90132	0.90221	0.993161	69	0	2.9648	0.098684	0.099284	0.943195	8	1	2.9648
A347P	1	0.91447	0.91506	0.993161	70	0	4.1726	0.085526	0.085976	0.933453	7	1	4.1726
R342EfsTer3	1	0.92763	0.92813	0.993161	71	0	2.7856	0.072368	0.072788	0.921982	6	1	2.7856
E339DfsTer7	1	0.94079	0.94113	0.993161	72	0	3.0255	0.059211	0.0596	0.905923	5	1	3.0255
L344RfsTer8	1	0.95395	0.9543	0.993161	73	0	2.2086	0.046053	0.046262	0.878986	4	1	2.2086
E339AfsTer8	1	0.96711	0.96773	0.993161	74	0	3.5941	0.032895	0.032985	0.835611	3	1	3.5941
R333VfsTer12	1	0.98026	0.98009	0.993161	75	0	4.5464	0.019737	0.020037	0.76139	2	1	4.5464
E343SfsTer2	1	0.99342	0.99341	0.993411	76	0	6.1366	0.0065789	0.0062093	0.471906	1	1	6.1366
