id	num	neg|score	neg|p-value	neg|fdr	neg|rank	neg|goodsgrna	neg|lfc	pos|score	pos|p-value	pos|fdr	pos|rank	pos|goodsgrna	pos|lfc
WT	1	0.0067568	0.0063273	0.468219	1	1	-0.7851	0.99324	0.99328	0.993283	74	0	-0.7851
E358E	1	0.02027	0.02048	0.757761	2	1	-0.82383	0.97973	0.97964	0.99306	73	0	-0.82383
F338L	1	0.033784	0.033704	0.831362	3	1	-0.91255	0.96622	0.96671	0.99306	72	0	-0.91255
R333C	1	0.047297	0.047587	0.880358	4	1	-0.80105	0.9527	0.95316	0.99306	71	0	-0.80105
R335C	1	0.060811	0.06128	0.906948	5	1	-0.85844	0.93919	0.93966	0.99306	70	0	-0.85844
I332F	1	0.074324	0.074694	0.921224	6	1	-1.2001	0.92568	0.92629	0.99306	69	0	-1.2001
E339K	1	0.087838	0.088058	0.930894	7	1	-0.87146	0.91216	0.91277	0.99306	68	0	-0.87146
S362AfsTer8	1	0.10135	0.10211	0.944521	8	1	-0.67577	0.89865	0.89966	0.99306	67	0	-0.67577
R342Q	1	0.11486	0.11544	0.949208	9	1	-0.82951	0.88514	0.88587	0.99306	66	0	-0.82951
R335H	1	0.12838	0.12908	0.955174	10	1	-0.716	0.87162	0.87235	0.99306	65	0	-0.716
G334G	1	0.14189	0.14247	0.955377	11	1	-0.66638	0.85811	0.85916	0.99306	64	0	-0.66638
R342R	1	0.15541	0.15493	0.955377	12	1	-0.72502	0.84459	0.84538	0.99299	63	0	-0.72502
L350L	1	0.16892	0.16889	0.961368	13	1	-0.71933	0.83108	0.83184	0.992841	62	0	-0.71933
S362G	1	0.18243	0.1819	0.961488	14	1	-0.73291	0.81757	0.81885	0.992841	61	0	-0.73291
R337H	1	0.19595	0.19536	0.96376	15	1	-0.79867	0.80405	0.80606	0.992841	60	0	-0.79867
R337C	1	0.20946	0.20917	0.96741	16	1	-0.62765	0.79054	0.79233	0.992841	59	0	-0.62765
G334R	1	0.22297	0.22255	0.968762	17	1	-0.57966	0.77703	0.77907	0.992841	58	0	-0.57966
F338F	1	0.23649	0.23638	0.971771	18	1	-0.5426	0.76351	0.76515	0.992841	57	0	-0.5426
L344M	1	0.25	0.24987	0.973179	19	1	-0.74756	0.75	0.75146	0.992841	56	0	-0.74756
G334E	1	0.26351	0.26404	0.974065	20	1	-0.75476	0.73649	0.73784	0.992737	55	0	-0.75476
R337S	1	0.27703	0.27779	0.974065	21	1	-0.68159	0.72297	0.72446	0.992737	54	0	-0.68159
R342Ter	1	0.29054	0.29094	0.974065	22	1	-0.50665	0.70946	0.71015	0.991528	53	0	-0.50665
E336G	1	0.30405	0.30458	0.974065	23	1	-0.61693	0.69595	0.69694	0.991528	52	0	-0.61693
Q354Ter	1	0.31757	0.31766	0.974065	24	1	-0.64634	0.68243	0.68391	0.991528	51	0	-0.64634
E343D	1	0.33108	0.33117	0.974065	25	1	-0.57805	0.66892	0.67128	0.991528	50	0	-0.57805
E346K	1	0.34459	0.34539	0.974065	26	1	-0.41399	0.65541	0.65821	0.991528	49	0	-0.41399
E336Ter	1	0.35811	0.35831	0.974065	27	1	-0.49251	0.64189	0.64433	0.991528	48	0	-0.49251
R337L	1	0.37162	0.37179	0.974065	28	1	-0.48087	0.62838	0.6305	0.991528	47	0	-0.48087
G334W	1	0.38514	0.38562	0.974065	29	1	-0.33328	0.61486	0.61652	0.991528	46	0	-0.33328
E343Ter	1	0.39865	0.3991	0.974065	30	1	-0.3665	0.60135	0.60298	0.991528	45	0	-0.3665
E339Ter	1	0.41216	0.41228	0.974065	31	1	-0.33946	0.58784	0.58891	0.990434	44	0	-0.33946
L350I	1	0.42568	0.42579	0.974065	32	1	-0.19188	0.57432	0.57513	0.989764	43	0	-0.19188
R342QfsTer3	1	0.43919	0.43933	0.974065	33	1	-1.8323	0.56081	0.56157	0.989433	42	0	-1.8323
F341S	1	0.4527	0.45272	0.974065	34	1	-0.044538	0.5473	0.54765	0.988436	41	0	-0.044538
S362R	1	0.46622	0.46588	0.974065	35	1	-1.3071	0.53378	0.53351	0.987001	40	0	-1.3071
Q354Q	1	0.47973	0.47977	0.974065	36	1	-0.12388	0.52027	0.5201	0.986857	39	0	-0.12388
F341Y	1	0.49324	0.493	0.974065	37	1	-0.083136	0.50676	0.5069	0.986857	38	0	-0.083136
E339DfsTer10	1	0.51351	0.51336	0.974065	38	0	-0.20606	0.48649	0.48635	0.972703	36	0	-0.20606
R342VfsTer11	1	0.51351	0.51336	0.974065	39	0	-0.20606	0.48649	0.48635	0.972703	37	0	-0.20606
F338S	1	0.53378	0.53351	0.987001	40	0	0.045432	0.46622	0.46588	0.972703	35	0	0.045432
G334V	1	0.5473	0.54765	0.988436	41	0	0.38365	0.4527	0.45272	0.972703	34	0	0.38365
A347D	1	0.56081	0.56157	0.989433	42	0	0.52962	0.43919	0.43933	0.972703	33	0	0.52962
I332N	1	0.57432	0.57513	0.989764	43	0	0.25564	0.42568	0.42579	0.972703	32	0	0.25564
Q354R	1	0.58784	0.58891	0.990434	44	0	0.64149	0.41216	0.41228	0.972703	31	0	0.64149
L344P	1	0.60135	0.60298	0.991528	45	0	0.8458	0.39865	0.3991	0.972703	30	0	0.8458
E346Ter	1	0.61486	0.61652	0.991528	46	0	0.94887	0.38514	0.38562	0.972703	29	0	0.94887
R335VfsTer10	1	0.62838	0.6305	0.991528	47	0	0.52332	0.37162	0.37179	0.972703	28	0	0.52332
N345S	1	0.64189	0.64433	0.991528	48	0	1.3773	0.35811	0.35831	0.972703	27	0	1.3773
E346E	1	0.65541	0.65821	0.991528	49	0	1.0366	0.34459	0.34539	0.972703	26	0	1.0366
R337G	1	0.66892	0.67128	0.991528	50	0	0.71789	0.33108	0.33117	0.972703	25	0	0.71789
A347T	1	0.68243	0.68391	0.991528	51	0	1.6805	0.31757	0.31766	0.972703	24	0	1.6805
I332S	1	0.69595	0.69694	0.991528	52	0	1.0608	0.30405	0.30458	0.972703	23	0	1.0608
L344R	1	0.70946	0.71015	0.991528	53	0	1.1754	0.29054	0.29094	0.972703	22	0	1.1754
E349NfsTer21	1	0.72297	0.72446	0.992737	54	0	0.95676	0.27703	0.27779	0.972703	21	0	0.95676
E349Ter	1	0.73649	0.73784	0.992737	55	0	2.0922	0.26351	0.26404	0.972703	20	0	2.0922
R337P	1	0.75	0.75146	0.992841	56	0	1.1447	0.25	0.24987	0.972703	19	0	1.1447
G356A	1	0.76351	0.76515	0.992841	57	0	1.6469	0.23649	0.23638	0.971771	18	0	1.6469
R342P	1	0.77703	0.77907	0.992841	58	0	1.0315	0.22297	0.22255	0.968762	17	0	1.0315
Q354L	1	0.79054	0.79233	0.992841	59	0	1.3501	0.20946	0.20917	0.96741	16	0	1.3501
L344Q	1	0.80405	0.80606	0.992841	60	0	1.062	0.19595	0.19536	0.96376	15	0	1.062
R333P	1	0.81757	0.81885	0.992841	61	0	1.5678	0.18243	0.1819	0.961488	14	0	1.5678
A355P	1	0.83108	0.83184	0.992841	62	0	2.0928	0.16892	0.16889	0.961368	13	0	2.0928
R342EfsTer3	1	0.84459	0.84538	0.99299	63	0	1.1274	0.15541	0.15493	0.955377	12	0	1.1274
A347P	1	0.85811	0.85916	0.99306	64	0	2.8864	0.14189	0.14247	0.955377	11	0	2.8864
F341C	1	0.87162	0.87235	0.99306	65	0	1.6548	0.12838	0.12908	0.955174	10	0	1.6548
L348W	1	0.88514	0.88587	0.99306	66	0	2.3197	0.11486	0.11544	0.949208	9	0	2.3197
K351Ter	1	0.89865	0.89966	0.99306	67	0	2.1618	0.10135	0.10211	0.944521	8	0	2.1618
L348Ter	1	0.91216	0.91277	0.99306	68	0	2.2053	0.087838	0.088058	0.930894	7	0	2.2053
R333VfsTer12	1	0.92568	0.92629	0.99306	69	0	2.477	0.074324	0.074694	0.921224	6	0	2.477
L344RfsTer8	1	0.93919	0.93966	0.99306	70	0	1.3647	0.060811	0.06128	0.906948	5	1	1.3647
E339VfsTer8	1	0.9527	0.95316	0.99306	71	0	2.6105	0.047297	0.047587	0.880358	4	1	2.6105
E339DfsTer7	1	0.96622	0.96671	0.99306	72	0	2.6908	0.033784	0.033704	0.831362	3	1	2.6908
E339AfsTer8	1	0.97973	0.97964	0.99306	73	0	3.2277	0.02027	0.02048	0.757761	2	1	3.2277
E343SfsTer2	1	0.99324	0.99328	0.993283	74	0	4.7718	0.0067568	0.0063273	0.468219	1	1	4.7718
