sgrna	Gene	control_count	treatment_count	control_mean	treat_mean	LFC	control_var	adj_var	score	p.low	p.high	p.twosided	FDR	high_in_treatment
E343SfsTer2	E343SfsTer2	8.2352	648.75	8.2352	648.75	6.1366	2.0513e+05	198.28	45.488	1	0	0	0	True
R333VfsTer12	R333VfsTer12	177.06	4159.7	177.06	4159.7	4.5464	7.9308e+06	3.9363e+05	6.3479	1	1.7855e-10	3.5709e-10	1.3748e-08	True
E339AfsTer8	E339AfsTer8	67.941	831.53	67.941	831.53	3.5941	2.9154e+05	36345	4.0054	0.99995	4.8435e-05	9.687e-05	0.0024863	True
L344RfsTer8	L344RfsTer8	4.1176	22.655	4.1176	22.655	2.2086	171.81	37.976	3.0081	0.99824	0.0017575	0.003515	0.067665	True
WT	WT	2.4509e+07	6.3008e+06	2.4509e+07	6.3008e+06	-1.9597	1.6577e+14	2.4538e+18	2.7297	0.0031695	0.99683	0.006339	0.09762	False
E339DfsTer7	E339DfsTer7	55.588	459.79	55.588	459.79	3.0255	81690	22071	2.7207	0.99496	0.005043	0.010086	0.12944	True
E358E	E358E	38965	9974.3	38965	9974.3	-1.9658	4.2023e+08	2.6596e+11	2.1829	0.014523	0.98548	0.029046	0.19733	False
E339K	E339K	6808.5	1810.3	6808.5	1810.3	-1.9105	1.2491e+07	3.462e+09	2.0072	0.022365	0.97764	0.044729	0.19733	False
S362AfsTer8	S362AfsTer8	10588	3216.5	10588	3216.5	-1.7186	2.7173e+07	1.039e+10	1.9924	0.023163	0.97684	0.046325	0.19733	False
R342EfsTer3	R342EfsTer3	88.529	616.31	88.529	616.31	2.7856	1.3928e+05	70188	1.9922	0.96326	0.036737	0.073474	0.19733	True
R342Q	R342Q	5328.2	1413.4	5328.2	1413.4	-1.9138	7.663e+06	1.8808e+09	1.9854	0.023551	0.97645	0.047102	0.19733	False
R335C	R335C	8780.8	2615.1	8780.8	2615.1	-1.7471	1.9008e+07	6.5206e+09	1.9831	0.023678	0.97632	0.047355	0.19733	False
R333C	R333C	14119	4708.1	14119	4708.1	-1.5843	4.4286e+07	2.1264e+10	1.9803	0.023837	0.97616	0.047674	0.19733	False
L350L	L350L	5472.3	1533.3	5472.3	1533.3	-1.8348	7.7579e+06	2.01e+09	1.9645	0.024734	0.97527	0.049468	0.19733	False
F338L	F338L	12942	4414.1	12942	4414.1	-1.5516	3.636e+07	1.7121e+10	1.9623	0.024866	0.97513	0.049731	0.19733	False
S362G	S362G	5060.6	1512.2	5060.6	1512.2	-1.742	6.2954e+06	1.6544e+09	1.9294	0.026839	0.97316	0.053678	0.19733	False
L344M	L344M	3973.5	1163.6	3973.5	1163.6	-1.7709	3.9477e+06	9.063e+08	1.9152	0.027731	0.97227	0.055463	0.19733	False
G334G	G334G	6693.2	2217.1	6693.2	2217.1	-1.5936	1.0018e+07	3.3179e+09	1.9114	0.027977	0.97202	0.055954	0.19733	False
R342QfsTer3	R342QfsTer3	18.529	2.0595	18.529	2.0595	-2.6743	135.63	1448.5	1.9067	0.028277	0.97172	0.056553	0.19733	False
S362R	S362R	117.35	18.021	117.35	18.021	-2.6374	4933.4	1.4148e+05	1.8889	0.029455	0.97055	0.05891	0.19733	False
R335H	R335H	6431.7	2254.2	6431.7	2254.2	-1.5122	8.7261e+06	3.0047e+09	1.8828	0.029866	0.97013	0.059733	0.19733	False
R342R	R342R	5509.4	1890.1	5509.4	1890.1	-1.5429	6.5495e+06	2.0441e+09	1.8771	0.030251	0.96975	0.060502	0.19733	False
R342Ter	R342Ter	5252	1842.8	5252	1842.8	-1.5105	5.8115e+06	1.8146e+09	1.8625	0.031267	0.96873	0.062534	0.19733	False
R337S	R337S	3514.4	1163.1	3514.4	1163.1	-1.5944	2.7642e+06	6.6768e+08	1.8494	0.032198	0.9678	0.064397	0.19733	False
R337C	R337C	5536.1	2030.7	5536.1	2030.7	-1.4465	6.1441e+06	2.0689e+09	1.8478	0.032313	0.96769	0.064627	0.19733	False
F338F	F338F	6468.8	2498.2	6468.8	2498.2	-1.3722	7.8827e+06	3.0479e+09	1.8401	0.032874	0.96713	0.065749	0.19733	False
A347P	A347P	9143.2	1.649e+05	9143.2	1.649e+05	4.1726	1.213e+10	7.2109e+09	1.8342	0.93864	0.061357	0.12271	0.23989	True
R337H	R337H	3969.4	1478.7	3969.4	1478.7	-1.4239	3.1017e+06	9.0397e+08	1.808	0.035305	0.9647	0.070609	0.19733	False
E336Ter	E336Ter	3650.3	1385	3650.3	1385	-1.3974	2.5657e+06	7.3379e+08	1.7913	0.036623	0.96338	0.073246	0.19733	False
Q354Ter	Q354Ter	2917.3	1069.9	2917.3	1069.9	-1.4463	1.7065e+06	4.2007e+08	1.7846	0.03716	0.96284	0.074321	0.19733	False
E343D	E343D	3362	1320.2	3362	1320.2	-1.348	2.0846e+06	5.9795e+08	1.7673	0.038589	0.96141	0.077177	0.19737	False
R337L	R337L	3403.2	1379.4	3403.2	1379.4	-1.3023	2.048e+06	6.1634e+08	1.7538	0.03973	0.96027	0.079459	0.19737	False
L348Ter	L348Ter	282.06	2208.8	282.06	2208.8	2.9648	1.8563e+06	1.2539e+06	1.7207	0.92885	0.071155	0.14231	0.25689	True
I332F	I332F	3176.7	1429.8	3176.7	1429.8	-1.1512	1.5259e+06	5.1927e+08	1.6975	0.044798	0.9552	0.089596	0.21559	False
E339VfsTer8	E339VfsTer8	74.117	429.93	74.117	429.93	2.5202	63300	45122	1.675	0.92621	0.073793	0.14759	0.25689	True
E339DfsTer10	E339DfsTer10	0	14.417	4.1176	14.417	1.5909	103.92	37.976	1.6712	0.93672	0.063285	0.12657	0.23989	True
E339Ter	E339Ter	3207.6	1551.9	3207.6	1551.9	-1.047	1.3708e+06	5.3193e+08	1.6639	0.048063	0.95194	0.096125	0.2237	False
G334R	G334R	6063.2	3464.6	6063.2	3464.6	-0.80719	3.3762e+06	2.5943e+09	1.6508	0.049388	0.95061	0.098775	0.2237	False
E343Ter	E343Ter	3870.6	2155.3	3870.6	2155.3	-0.84436	1.4711e+06	8.4899e+08	1.6153	0.053122	0.94688	0.10624	0.23374	False
E346K	E346K	4605.6	2809.7	4605.6	2809.7	-0.71275	1.6125e+06	1.3086e+09	1.5889	0.056037	0.94396	0.11207	0.23654	False
G334W	G334W	4197.9	2545.1	4197.9	2545.1	-0.72175	1.366e+06	1.0391e+09	1.5819	0.056832	0.94317	0.11366	0.23654	False
E336G	E336G	3230.3	2020.4	3230.3	2020.4	-0.67675	7.319e+05	5.4132e+08	1.5374	0.062094	0.93791	0.12419	0.23989	False
G334E	G334E	3265.3	2105.4	3265.3	2105.4	-0.6329	6.7271e+05	5.5604e+08	1.5231	0.063868	0.93613	0.12774	0.23989	False
R342SfsTer8	R342SfsTer8	0	1.0298	4.1176	1.0298	-1.3342	0.53021	37.976	1.4391	0.075066	0.92493	0.15013	0.25689	False
R342VfsTer11	R342VfsTer11	0	0	4.1176	0	-2.3555	0	37.976	1.4391	0.075066	0.92493	0.15013	0.25689	False
F341S	F341S	3541.2	2815.9	3541.2	2815.9	-0.33052	2.63e+05	6.804e+08	1.4225	0.077442	0.92256	0.15488	0.25926	False
Q354Q	Q354Q	2062.9	1644	2062.9	1644	-0.32729	87743	1.7732e+08	1.3577	0.087273	0.91273	0.17455	0.28596	False
F338S	F338S	1976.5	1867	1976.5	1867	-0.082182	5994.7	1.594e+08	1.2564	0.10448	0.89552	0.20896	0.32837	False
S362S	S362S	0	1.5446	4.1176	1.5446	-1.008	1.193	37.976	1.1995	0.11516	0.88484	0.23032	0.35469	False
K351Ter	K351Ter	347.94	2077	347.94	2077	2.5742	1.4949e+06	2.1141e+06	1.1892	0.80292	0.19708	0.39416	0.53966	True
F341C	F341C	212.06	1127.6	212.06	1127.6	2.4052	4.191e+05	6.166e+05	1.1659	0.79912	0.20088	0.40175	0.53966	True
F341_R342insQLRDV	F341_R342insQLRDV	0	2.0595	4.1176	2.0595	-0.74216	2.1208	37.976	1.0082	0.15667	0.84333	0.31335	0.45524	False
R333P	R333P	866.76	4798.2	866.76	4798.2	2.4674	7.7281e+06	2.0491e+07	0.86849	0.66564	0.33436	0.66871	0.75942	True
E349NfsTer21	E349NfsTer21	183.23	673.47	183.23	673.47	1.8722	1.2016e+05	4.2868e+05	0.74874	0.62799	0.37201	0.74403	0.8069	True
L348W	L348W	1404.1	7131.1	1404.1	7131.1	2.3436	1.6399e+07	6.807e+07	0.69415	0.57046	0.42954	0.85909	0.90616	True
Q354L	Q354L	512.64	2033.8	512.64	2033.8	1.986	1.1569e+06	5.5458e+06	0.64593	0.55787	0.44213	0.88426	0.91914	True
L344Q	L344Q	154.41	488.62	154.41	488.62	1.6556	55849	2.8003e+05	0.63157	0.57084	0.42916	0.85831	0.90616	True
R342P	R342P	152.35	462.88	152.35	462.88	1.5969	48213	2.7083e+05	0.59669	0.55237	0.44763	0.89526	0.91914	True
A355P	A355P	2079.4	9933.1	2079.4	9933.1	2.2555	3.084e+07	1.8087e+08	0.58397	0.50196	0.49804	0.99608	0.99608	True
R337P	R337P	329.41	986.51	329.41	986.51	1.5795	2.1589e+05	1.8449e+06	0.48378	0.47253	0.52747	0.94507	0.9575	True
E349Ter	E349Ter	8904.4	38135	8904.4	38135	2.0984	4.2721e+08	6.7513e+09	0.35575	0.33533	0.66467	0.67066	0.75942	True
G356A	G356A	1628.5	5156.5	1628.5	5156.5	1.6622	6.2235e+06	9.8447e+07	0.35557	0.36113	0.63887	0.72226	0.79449	True
A347T	A347T	4743.5	17241	4743.5	17241	1.8616	7.8098e+07	1.4084e+09	0.33302	0.32843	0.67157	0.65687	0.75942	True
L344R	L344R	543.53	1286.2	543.53	1286.2	1.2411	2.7576e+05	6.4148e+06	0.29322	0.34239	0.65761	0.68477	0.76417	True
N345S	N345S	20798	83030	20798	83030	1.9971	1.9364e+09	5.5754e+10	0.26356	0.25983	0.74017	0.51966	0.64538	True
I332S	I332S	352.06	724.44	352.06	724.44	1.039	69334	2.1769e+06	0.25239	0.32632	0.67368	0.65263	0.75942	True
R337G	R337G	370.59	766.66	370.59	766.66	1.0468	78437	2.4732e+06	0.25185	0.32465	0.67535	0.64931	0.75942	True
I332N	I332N	312.94	622.49	312.94	622.49	0.98989	47912	1.6238e+06	0.24292	0.32322	0.67678	0.64644	0.75942	True
G334V	G334V	3761.4	8754.5	3761.4	8754.5	1.2185	1.2465e+07	7.9067e+08	0.17757	0.22356	0.77644	0.44713	0.56441	True
E346Ter	E346Ter	4515	10491	4515	10491	1.2161	1.7855e+07	1.2455e+09	0.16932	0.21443	0.78557	0.42885	0.55036	True
L344P	L344P	4407.9	10117	4407.9	10117	1.1985	1.6299e+07	1.1733e+09	0.16668	0.21297	0.78703	0.42593	0.55036	True
E346E	E346E	3810.9	7774.7	3810.9	7774.7	1.0285	7.8561e+06	8.1677e+08	0.1387	0.19564	0.80436	0.39127	0.53966	True
R335VfsTer10	R335VfsTer10	362.35	465.97	362.35	465.97	0.36196	5368.3	2.3387e+06	0.067755	0.20325	0.79675	0.4065	0.53966	True
A347D	A347D	4288.5	6375.8	4288.5	6375.8	0.57202	2.1784e+06	1.0958e+09	0.063054	0.13902	0.86098	0.27805	0.41173	True
Q354R	Q354R	4142.3	5890.2	4142.3	5890.2	0.50778	1.5276e+06	1.0052e+09	0.055131	0.13399	0.86601	0.26798	0.40459	True
F341Y	F341Y	415.88	438.16	415.88	438.16	0.07513	248.31	3.2952e+06	0.012276	0.1617	0.8383	0.3234	0.46115	True
L350I	L350I	3497.9	3585.1	3497.9	3585.1	0.035515	3802.2	6.5992e+08	0.0033946	0.10017	0.89983	0.20034	0.32137	True
