sgrna	Gene	control_count	treatment_count	control_mean	treat_mean	LFC	control_var	adj_var	score	p.low	p.high	p.twosided	FDR	high_in_treatment
E343SfsTer2	E343SfsTer2	6.1405	194.06	6.1405	194.06	4.7718	17657	125.42	16.78	1	2.4131e-63	4.8261e-63	3.7161e-61	True
WT	WT	1.8275e+07	1.0605e+07	1.8275e+07	1.0605e+07	-0.7851	2.9413e+13	1.3547e+19	2.8352	0.0022899	0.99771	0.0045798	0.17632	False
E339AfsTer8	E339AfsTer8	50.659	482.94	50.659	482.94	3.2277	93435	31027	2.4542	0.98848	0.011515	0.023031	0.22319	True
E358E	E358E	29054	16413	29054	16413	-0.82383	7.9892e+07	5.7358e+11	2.1255	0.016771	0.98323	0.033543	0.22319	False
F338L	F338L	9649.8	5125.9	9649.8	5125.9	-0.91255	1.0233e+07	3.1439e+10	2.0124	0.022088	0.97791	0.044177	0.22319	False
R333C	R333C	10528	6041.9	10528	6041.9	-0.80105	1.0062e+07	3.9547e+10	1.991	0.023242	0.97676	0.046483	0.22319	False
R335C	R335C	6547.3	3610.7	6547.3	3610.7	-0.85844	4.3118e+06	1.1315e+10	1.9466	0.025789	0.97421	0.051579	0.22319	False
I332F	I332F	2368.7	1030.4	2368.7	1030.4	-1.2001	8.9556e+05	7.769e+08	1.9179	0.027562	0.97244	0.055123	0.22319	False
E339K	E339K	5076.7	2774.4	5076.7	2774.4	-0.87146	2.6502e+06	5.7887e+09	1.9174	0.027591	0.97241	0.055183	0.22319	False
S362AfsTer8	S362AfsTer8	7895.1	4942	7895.1	4942	-0.67577	4.3606e+06	1.8529e+10	1.9163	0.027664	0.97234	0.055328	0.22319	False
R342Q	R342Q	3972.9	2235.2	3972.9	2235.2	-0.82951	1.5098e+06	3.0345e+09	1.8725	0.030572	0.96943	0.061144	0.22319	False
R335H	R335H	4795.7	2919.2	4795.7	2919.2	-0.716	1.7607e+06	4.9825e+09	1.8625	0.031264	0.96874	0.062528	0.22319	False
G334G	G334G	4990.7	3144.2	4990.7	3144.2	-0.66638	1.7048e+06	5.5341e+09	1.8525	0.031975	0.96803	0.06395	0.22319	False
R342R	R342R	4108	2484.9	4108	2484.9	-0.72502	1.3172e+06	3.3139e+09	1.8446	0.032544	0.96746	0.065089	0.22319	False
L350L	L350L	4080.4	2477.9	4080.4	2477.9	-0.71933	1.2839e+06	3.2555e+09	1.842	0.032739	0.96726	0.065478	0.22319	False
S362G	S362G	3773.3	2270	3773.3	2270	-0.73291	1.1301e+06	2.6492e+09	1.8357	0.033199	0.9668	0.066399	0.22319	False
R337H	R337H	2959.7	1701.1	2959.7	1701.1	-0.79867	7.9212e+05	1.3971e+09	1.8237	0.034098	0.9659	0.068196	0.22319	False
R337C	R337C	4127.9	2671.4	4127.9	2671.4	-0.62765	1.0608e+06	3.3565e+09	1.8149	0.034769	0.96523	0.069538	0.22319	False
G334R	G334R	4520.9	3024.7	4520.9	3024.7	-0.57966	1.1193e+06	4.2652e+09	1.8122	0.034981	0.96502	0.069961	0.22319	False
F338F	F338F	4823.4	3311.1	4823.4	3311.1	-0.5426	1.1435e+06	5.0585e+09	1.8093	0.035201	0.9648	0.070403	0.22319	False
L344M	L344M	2962.8	1764.3	2962.8	1764.3	-0.74756	7.1823e+05	1.4009e+09	1.8078	0.035319	0.96468	0.070638	0.22319	False
G334E	G334E	2434.7	1442.5	2434.7	1442.5	-0.75476	4.9222e+05	8.3525e+08	1.7835	0.03725	0.96275	0.0745	0.22319	False
R337S	R337S	2620.5	1633.4	2620.5	1633.4	-0.68159	4.8712e+05	1.0138e+09	1.7702	0.038347	0.96165	0.076694	0.22319	False
R342Ter	R342Ter	3916.1	2756.1	3916.1	2756.1	-0.50665	6.7283e+05	2.9215e+09	1.7694	0.038416	0.96158	0.076833	0.22319	False
E336G	E336G	2408.6	1570.2	2408.6	1570.2	-0.61693	3.5146e+05	8.1187e+08	1.7378	0.041123	0.95888	0.082245	0.22319	False
Q354Ter	Q354Ter	2175.3	1389.4	2175.3	1389.4	-0.64634	3.0878e+05	6.2072e+08	1.7333	0.041523	0.95848	0.083046	0.22319	False
E343D	E343D	2506.9	1678.9	2506.9	1678.9	-0.57805	3.4273e+05	9.0205e+08	1.7307	0.041751	0.95825	0.083501	0.22319	False
E346K	E346K	3434.1	2577.2	3434.1	2577.2	-0.41399	3.6713e+05	2.0669e+09	1.7212	0.042608	0.95739	0.085216	0.22319	False
E336Ter	E336Ter	2721.8	1934.3	2721.8	1934.3	-0.49251	3.1005e+05	1.1203e+09	1.7143	0.043238	0.95676	0.086476	0.22319	False
E339DfsTer7	E339DfsTer7	41.448	273.08	41.448	273.08	2.6908	26826	18298	1.7123	0.93001	0.069988	0.13998	0.27636	True
R337L	R337L	2537.6	1818	2537.6	1818	-0.48087	2.5888e+05	9.3144e+08	1.7006	0.044505	0.9555	0.08901	0.22319	False
G334W	G334W	3130.1	2484.3	3130.1	2484.3	-0.33328	2.0857e+05	1.6191e+09	1.6816	0.046326	0.95367	0.092652	0.22319	False
E343Ter	E343Ter	2886	2238.4	2886	2238.4	-0.3665	2.0974e+05	1.3073e+09	1.681	0.046377	0.95362	0.092754	0.22319	False
E339Ter	E339Ter	2391.7	1890.1	2391.7	1890.1	-0.33946	1.2583e+05	7.9696e+08	1.6452	0.049966	0.95003	0.099931	0.23317	False
L350I	L350I	2608.2	2283.2	2608.2	2283.2	-0.19188	52790	1.0013e+09	1.6077	0.053953	0.94605	0.10791	0.24151	False
R342QfsTer3	R342QfsTer3	13.816	3.1606	13.816	3.1606	-1.8323	56.77	1024	1.5992	0.054888	0.94511	0.10978	0.24151	False
F341S	F341S	2640.4	2560.1	2640.4	2560.1	-0.044538	3223.9	1.0342e+09	1.5586	0.059547	0.94045	0.11909	0.25473	False
S362R	S362R	87.502	34.767	87.502	34.767	-1.3071	1390.5	1.3082e+05	1.5287	0.063166	0.93683	0.12633	0.26291	False
Q354Q	Q354Q	1538.2	1411.5	1538.2	1411.5	-0.12388	8020.6	2.4911e+08	1.5055	0.066102	0.9339	0.1322	0.26789	False
E339VfsTer8	E339VfsTer8	55.264	342.61	55.264	342.61	2.6105	41285	39012	1.4548	0.88059	0.11941	0.23881	0.37528	True
L344RfsTer8	L344RfsTer8	3.0702	9.4819	3.0702	9.4819	1.3647	20.555	22.279	1.3584	0.88257	0.11743	0.23486	0.37528	True
F341Y	F341Y	310.09	292.67	310.09	292.67	-0.083136	151.73	3.6647e+06	1.2395	0.10758	0.89242	0.21516	0.36015	False
R333VfsTer12	R333VfsTer12	132.02	739.59	132.02	739.59	2.477	1.8457e+05	3.8647e+05	0.97732	0.71887	0.28113	0.56226	0.63668	True
L348Ter	L348Ter	210.31	973.48	210.31	973.48	2.2053	2.9121e+05	1.3177e+06	0.66484	0.55809	0.44191	0.88383	0.89546	True
R342SfsTer8	R342SfsTer8	0	0	3.0702	0	-2.0251	0	22.279	0.62839	0.26488	0.73512	0.52975	0.63668	False
F341_R342insQLRDV	F341_R342insQLRDV	0	0	3.0702	0	-2.0251	0	22.279	0.62839	0.26488	0.73512	0.52975	0.63668	False
R342VfsTer11	R342VfsTer11	0	2.5285	3.0702	2.5285	-0.20606	3.1967	22.279	0.62839	0.26488	0.73512	0.52975	0.63668	False
E339DfsTer10	E339DfsTer10	0	2.5285	3.0702	2.5285	-0.20606	3.1967	22.279	0.62839	0.26488	0.73512	0.52975	0.63668	False
S362S	S362S	0	0	3.0702	0	-2.0251	0	22.279	0.62839	0.26488	0.73512	0.52975	0.63668	False
K351Ter	K351Ter	259.44	1164.4	259.44	1164.4	2.1618	4.0946e+05	2.2907e+06	0.59791	0.51598	0.48402	0.96805	0.96805	True
L348W	L348W	1047	5230.8	1047	5230.8	2.3197	8.7525e+06	9.0407e+07	0.44003	0.39328	0.60672	0.78656	0.81845	True
F341C	F341C	158.12	500.01	158.12	500.01	1.6548	58446	6.2154e+05	0.43367	0.42662	0.57338	0.85323	0.87598	True
A347P	A347P	6817.5	50416	6817.5	50416	2.8864	9.5041e+08	1.2587e+10	0.3886	0.33467	0.66533	0.66933	0.71582	True
R342EfsTer3	R342EfsTer3	66.01	145.39	66.01	145.39	1.1274	3150.5	62280	0.31808	0.3791	0.6209	0.7582	0.79975	True
A355P	A355P	1550.5	6617.1	1550.5	6617.1	2.0928	1.2835e+07	2.5438e+08	0.31767	0.30322	0.69678	0.60645	0.67657	True
R333P	R333P	646.29	1917.9	646.29	1917.9	1.5678	8.0847e+05	2.5366e+07	0.25247	0.2735	0.7265	0.54701	0.63668	True
L344Q	L344Q	115.13	241.47	115.13	241.47	1.062	7980.7	2.695e+05	0.24336	0.31288	0.68712	0.62575	0.67863	True
Q354L	Q354L	382.25	976	382.25	976	1.3501	1.7627e+05	6.3588e+06	0.23546	0.27366	0.72634	0.54733	0.63668	True
R342P	R342P	113.6	233.25	113.6	233.25	1.0315	7158.7	2.6014e+05	0.2346	0.30753	0.69247	0.61506	0.67657	True
G356A	G356A	1214.3	3804.8	1214.3	3804.8	1.6469	3.3553e+06	1.3361e+08	0.22411	0.24084	0.75916	0.48168	0.63668	True
R337P	R337P	245.62	544.26	245.62	544.26	1.1447	44593	1.9832e+06	0.21207	0.26914	0.73086	0.53828	0.63668	True
E349Ter	E349Ter	6639.4	28314	6639.4	28314	2.0922	2.3489e+08	1.1739e+10	0.20004	0.19775	0.80225	0.3955	0.5537	True
E349NfsTer21	E349NfsTer21	136.63	266.13	136.63	266.13	0.95676	8385	4.23e+05	0.19911	0.27796	0.72204	0.55592	0.63668	True
L344R	L344R	405.27	916.58	405.27	916.58	1.1754	1.3072e+05	7.4183e+06	0.18773	0.23894	0.76106	0.47787	0.63668	True
I332S	I332S	262.51	548.69	262.51	548.69	1.0608	40949	2.3628e+06	0.18618	0.24947	0.75053	0.49893	0.63668	True
A347T	A347T	3536.9	11339	3536.9	11339	1.6805	3.0437e+07	2.234e+09	0.16507	0.18002	0.81998	0.36005	0.52309	True
R337G	R337G	276.32	455.13	276.32	455.13	0.71789	15986	2.7047e+06	0.10873	0.19411	0.80589	0.38822	0.55358	True
E346E	E346E	2841.5	5830.1	2841.5	5830.1	1.0366	4.4658e+06	1.2549e+09	0.084366	0.12329	0.87671	0.24657	0.37972	True
N345S	N345S	15508	40287	15508	40287	1.3773	3.07e+08	1.0972e+11	0.074807	0.093483	0.90652	0.18697	0.32719	True
R335VfsTer10	R335VfsTer10	270.18	388.76	270.18	388.76	0.52332	7030.2	2.5492e+06	0.074267	0.17065	0.82935	0.3413	0.50538	True
E346Ter	E346Ter	3366.5	6499.5	3366.5	6499.5	0.94887	4.9079e+06	1.9615e+09	0.07074	0.1103	0.8897	0.22061	0.36142	True
L344P	L344P	3286.7	5907.9	3286.7	5907.9	0.8458	3.4352e+06	1.8413e+09	0.061084	0.10345	0.89655	0.20689	0.35401	True
Q354R	Q354R	3088.7	4818.7	3088.7	4818.7	0.64149	1.4965e+06	1.5633e+09	0.043756	0.091472	0.90853	0.18294	0.32719	True
I332N	I332N	233.34	278.77	233.34	278.77	0.25564	1031.9	1.7325e+06	0.034514	0.14749	0.85251	0.29498	0.44536	True
A347D	A347D	3197.7	4616.4	3197.7	4616.4	0.52962	1.0064e+06	1.7128e+09	0.034281	0.083774	0.91623	0.16755	0.30717	True
G334V	G334V	2804.7	3659.4	2804.7	3659.4	0.38365	3.6527e+05	1.2125e+09	0.024546	0.078726	0.92127	0.15745	0.2957	True
F338S	F338S	1473.7	1520.9	1473.7	1520.9	0.045432	1112.9	2.2253e+08	0.0031626	0.075294	0.92471	0.15059	0.28988	True
