id	num	neg|score	neg|p-value	neg|fdr	neg|rank	neg|goodsgrna	neg|lfc	pos|score	pos|p-value	pos|fdr	pos|rank	pos|goodsgrna	pos|lfc
V173A	30	2.4903e-23	0.056493	1.0	1	30	-1.3302	1.0	1.0	1.0	1205	0	-1.3302
V173E	30	4.684e-23	0.056493	1.0	2	29	-1.383	1.0	1.0	1.0	1198	0	-1.383
H179PfsTer2	56	4.7617e-23	0.25938	1.0	3	52	-1.1062	1.0	1.0	1.0	1207	0	-1.1062
R174W	30	1.0198e-22	0.056493	1.0	4	30	-1.4113	1.0	1.0	1.0	1206	0	-1.4113
R174R	25	1.2576e-21	0.029578	1.0	5	25	-1.5008	1.0	1.0	1.0	1208	0	-1.5008
V172A	30	1.8436e-21	0.056493	1.0	6	29	-1.295	1.0	1.0	1.0	1202	0	-1.295
E171G	30	3.7088e-21	0.056493	1.0	7	29	-1.3057	1.0	1.0	1.0	1196	0	-1.3057
E171Ter	30	5.2556e-20	0.056493	1.0	8	30	-1.2173	1.0	1.0	1.0	1203	0	-1.2173
V172D	30	3.9268e-19	0.056493	1.0	9	29	-1.285	1.0	1.0	1.0	1151	0	-1.285
V173M	30	4.2251e-18	0.056493	1.0	10	30	-1.1597	1.0	1.0	1.0	1210	0	-1.1597
C176R	29	9.0023e-18	0.047875	1.0	11	27	-1.2908	1.0	1.0	1.0	1171	0	-1.2908
G244D	30	2.6146e-17	0.056493	1.0	12	30	-0.60183	1.0	1.0	1.0	1209	0	-0.60183
V173Ter	29	4.7528e-17	0.047875	1.0	13	27	-1.2905	1.0	1.0	1.0	1153	0	-1.2905
E171K	30	7.5994e-17	0.056493	1.0	14	29	-1.1105	1.0	1.0	1.0	1201	0	-1.1105
C176Y	28	1.255e-16	0.053503	1.0	15	25	-1.3839	0.63025	0.93012	1.0	699	1	-1.3839
R175G	29	1.44e-16	0.047875	1.0	16	29	-1.3205	1.0	1.0	1.0	1204	0	-1.3205
M246V	27	7.4047e-16	0.044429	1.0	17	26	-0.75899	1.0	1.0	1.0	1177	0	-0.75899
H179D	27	7.4378e-16	0.044429	1.0	18	26	-1.1848	1.0	1.0	1.0	1194	0	-1.1848
M246T	27	2.2509e-15	0.044429	1.0	19	27	-0.75018	1.0	1.0	1.0	1199	0	-0.75018
C176Ter	28	2.4632e-15	0.053503	1.0	20	25	-1.2767	0.99998	0.99999	1.0	1110	0	-1.2767
R175H	29	2.422e-14	0.047875	1.0	21	28	-1.2235	1.0	1.0	1.0	1197	0	-1.2235
H179R	27	4.699e-14	0.044429	1.0	22	24	-1.2463	0.98476	0.99948	1.0	981	2	-1.2463
C176F	28	7.1553e-14	0.053503	1.0	23	26	-1.2407	1.0	1.0	1.0	1174	0	-1.2407
P177H	28	1.2323e-13	0.053503	1.0	24	25	-1.4575	1.0	1.0	1.0	1166	0	-1.4575
P177S	28	1.3893e-13	0.053503	1.0	25	25	-1.3217	1.0	1.0	1.0	1176	0	-1.3217
V173G	30	1.6912e-13	0.056493	1.0	26	28	-1.0597	1.0	1.0	1.0	1200	0	-1.0597
V173L	30	1.9524e-13	0.056493	1.0	27	26	-1.0347	1.0	1.0	1.0	1178	0	-1.0347
R175PfsTer72	15	6.7405e-13	0.0036917	1.0	28	15	-1.3843	1.0	1.0	1.0	1190	0	-1.3843
H179Y	27	8.7549e-13	0.044429	1.0	29	25	-1.1227	1.0	1.0	1.0	1184	0	-1.1227
E258D	30	9.0475e-13	0.056493	1.0	30	17	-0.8312	0.010081	0.11251	0.412103	310	8	-0.8312
T170M	30	1.0997e-12	0.056493	1.0	31	25	-0.93058	1.0	1.0	1.0	1173	0	-0.93058
R174G	30	1.1851e-12	0.056493	1.0	32	25	-1.0522	0.99999	1.0	1.0	1124	0	-1.0522
H178H	28	1.6673e-12	0.053503	1.0	33	24	-1.0511	1.0	1.0	1.0	1145	0	-1.0511
M169I	26	2.4004e-12	0.036308	1.0	34	25	-1.1165	1.0	1.0	1.0	1163	0	-1.1165
T170T	25	4.0176e-12	0.029578	1.0	35	20	-1.1432	1.0	1.0	1.0	1147	0	-1.1432
P177R	28	4.8199e-12	0.053503	1.0	36	26	-1.2069	1.0	1.0	1.0	1185	0	-1.2069
G245V	27	6.0973e-12	0.044429	1.0	37	25	-0.6319	1.0	1.0	1.0	1188	0	-0.6319
G244C	30	6.6971e-12	0.056493	1.0	38	27	-0.53725	1.0	1.0	1.0	1191	0	-0.53725
R175C	30	8.597e-12	0.056493	1.0	39	25	-1.2123	1.0	1.0	1.0	1193	0	-1.2123
C176_P177insL	28	2.3579e-11	0.053503	1.0	40	24	-1.0837	0.86914	0.99135	1.0	840	1	-1.0837
C176S	30	2.3968e-11	0.056493	1.0	41	24	-1.0871	1.0	1.0	1.0	1135	0	-1.0871
H178D	28	3.3906e-11	0.053503	1.0	42	22	-1.2459	1.0	1.0	1.0	1170	0	-1.2459
V172F	30	4.858e-11	0.056493	1.0	43	26	-0.99789	1.0	1.0	1.0	1162	0	-0.99789
H179L	27	5.9889e-11	0.044429	1.0	44	24	-1.0228	0.82745	0.98666	1.0	810	2	-1.0228
C176W	28	1.6544e-10	0.053503	1.0	45	24	-1.0547	1.0	1.0	1.0	1128	0	-1.0547
P301S	30	1.8309e-10	0.056497	1.0	46	25	-1.1272	0.88819	0.99507	1.0	857	4	-1.1272
T170K	30	2.0329e-10	0.056497	1.0	47	20	-0.8705	0.99945	0.99998	1.0	1058	2	-0.8705
G245D	27	2.8182e-10	0.044429	1.0	48	24	-0.57882	1.0	1.0	1.0	1187	0	-0.57882
E258V	30	3.8245e-10	0.056497	1.0	49	20	-0.72877	0.01343	0.12815	0.458462	317	8	-0.72877
R175L	29	4.2183e-10	0.064804	1.0	50	24	-1.0864	1.0	1.0	1.0	1144	0	-1.0864
H178R	28	4.6601e-10	0.053503	1.0	51	23	-0.99278	1.0	1.0	1.0	1136	0	-0.99278
R248G	25	5.4453e-10	0.037155	1.0	52	21	-0.80355	1.0	1.0	1.0	1158	0	-0.80355
D259H	27	6.4704e-10	0.044433	1.0	53	17	-0.67172	0.00095408	0.018111	0.088537	240	9	-0.67172
H178TfsTer69	28	7.3921e-10	0.053503	1.0	54	24	-0.86673	1.0	1.0	1.0	1137	0	-0.86673
N247I	27	1.1482e-09	0.070429	1.0	55	23	-0.58589	1.0	1.0	1.0	1175	0	-0.58589
H179P	27	1.259e-09	0.076525	1.0	56	21	-1.0874	0.92081	0.99607	1.0	894	2	-1.0874
C176G	29	1.4003e-09	0.10611	1.0	57	24	-1.12	1.0	1.0	1.0	1180	0	-1.12
H179N	27	1.5606e-09	0.090388	1.0	58	22	-1.2478	0.99597	0.99992	1.0	1016	1	-1.2478
E180D	6	1.9499e-09	0.0010813	1.0	59	6	-1.5815	1.0	0.99981	1.0	1168	0	-1.5815
G302RfsTer4	30	3.163e-09	0.15087	1.0	60	25	-1.1104	0.98905	0.9998	1.0	994	2	-1.1104
P278R	23	3.2184e-09	0.070425	1.0	61	20	-0.80916	0.99999	1.0	1.0	1117	0	-0.80916
D259A	27	4.3217e-09	0.12028	1.0	62	17	-0.79369	0.092933	0.33732	0.96477	423	4	-0.79369
G244V	30	4.5816e-09	0.1521	1.0	63	24	-0.51597	1.0	1.0	1.0	1195	0	-0.51597
N247T	27	6.2884e-09	0.13203	1.0	64	23	-0.57065	1.0	1.0	1.0	1181	0	-0.57065
G244S	30	6.5498e-09	0.1637	1.0	65	24	-0.46164	1.0	1.0	1.0	1186	0	-0.46164
G302WfsTer4	30	8.3361e-09	0.17407	1.0	66	22	-1.1168	0.8506	0.98921	1.0	823	2	-1.1168
E180A	20	1.006e-08	0.065619	1.0	67	12	-0.95221	0.033685	0.19846	0.654597	367	5	-0.95221
M246K	27	1.0451e-08	0.13204	1.0	68	22	-0.58488	1.0	1.0	1.0	1164	0	-0.58488
D259V	27	1.0959e-08	0.13204	1.0	69	19	-0.72568	0.0016894	0.023219	0.109577	256	6	-0.72568
E180K	21	1.2211e-08	0.081705	1.0	70	14	-1.1374	0.027022	0.16096	0.551389	350	4	-1.1374
E258A	30	1.3628e-08	0.19366	1.0	71	17	-0.74714	0.0043804	0.063073	0.258498	280	8	-0.74714
R280EfsTer65	54	1.4148e-08	0.61982	1.0	72	36	-0.73442	0.99999	1.0	1.0	1123	2	-0.73442
P177L	28	1.7793e-08	0.20853	1.0	73	22	-0.86997	1.0	1.0	1.0	1152	0	-0.86997
R249GfsTer96	27	1.9306e-08	0.20365	1.0	74	21	-0.75945	0.99998	1.0	1.0	1111	0	-0.75945
E258Ter	30	2.5617e-08	0.2444	1.0	75	17	-0.53454	0.0039253	0.063065	0.258498	273	9	-0.53454
E258G	30	2.586e-08	0.2444	1.0	76	19	-0.71259	0.080166	0.37624	1.0	414	9	-0.71259
I251SfsTer94	22	2.6827e-08	0.11639	1.0	77	19	-0.95688	0.9811	0.99925	1.0	969	1	-0.95688
L257R	30	2.8534e-08	0.2444	1.0	78	18	-0.6367	0.06697	0.33168	0.957589	403	6	-0.6367
E180Ter	22	3.019e-08	0.12883	1.0	79	18	-1.0839	0.19083	0.56462	1.0	494	4	-1.0839
E258E	30	3.3933e-08	0.26991	1.0	80	18	-0.70824	0.21971	0.65795	1.0	514	8	-0.70824
H178N	28	4.3797e-08	0.23223	1.0	81	22	-0.98267	1.0	1.0	1.0	1127	0	-0.98267
M246L	27	4.9639e-08	0.20576	1.0	82	21	-0.54926	1.0	1.0	1.0	1149	0	-0.54926
G245C	29	5.2811e-08	0.26341	1.0	83	23	-0.58211	1.0	1.0	1.0	1183	0	-0.58211
R249K	24	8.3998e-08	0.18084	1.0	84	20	-0.77353	0.99894	0.99994	1.0	1046	1	-0.77353
H178P	28	8.6435e-08	0.23354	1.0	85	22	-0.78165	1.0	1.0	1.0	1157	0	-0.78165
G245AfsTer2	30	1.0281e-07	0.29569	1.0	86	23	-0.52973	1.0	1.0	1.0	1192	0	-0.52973
R249W	24	1.0987e-07	0.18085	1.0	87	19	-0.85665	1.0	1.0	1.0	1143	0	-0.85665
G245S	29	1.1808e-07	0.26645	1.0	88	21	-0.56043	1.0	1.0	1.0	1182	0	-0.56043
R248L	24	1.3857e-07	0.22903	1.0	89	20	-0.64729	1.0	1.0	1.0	1131	0	-0.64729
W146C	15	1.9248e-07	0.089282	1.0	90	14	-0.88118	1.0	1.0	1.0	1140	0	-0.88118
R181C	6	2.4184e-07	0.006403	1.0	91	6	-1.387	1.0	0.99965	1.0	1150	0	-1.387
E258Q	30	2.4395e-07	0.36588	1.0	92	17	-0.60751	0.0022773	0.03333	0.148174	258	10	-0.60751
G302G	30	5.4047e-07	0.37874	1.0	93	22	-0.83101	0.98467	0.99975	1.0	980	2	-0.83101
P301QfsTer44	30	5.8585e-07	0.37874	1.0	94	22	-1.0014	0.027434	0.20702	0.666732	351	3	-1.0014
K305T	24	7.7711e-07	0.25663	1.0	95	18	-0.91092	1.0	1.0	1.0	1148	0	-0.91092
D281G	27	8.4428e-07	0.33602	1.0	96	20	-0.76677	0.99988	1.0	1.0	1083	1	-0.76677
L257Q	30	9.7338e-07	0.44505	1.0	97	19	-0.62123	0.76081	0.96698	1.0	770	6	-0.62123
R248W	25	1.2423e-06	0.29276	1.0	98	17	-0.69581	1.0	1.0	1.0	1139	0	-0.69581
R248P	24	1.4002e-06	0.28854	1.0	99	18	-0.63639	1.0	1.0	1.0	1130	0	-0.63639
M246R	27	1.5185e-06	0.37142	1.0	100	20	-0.52953	1.0	1.0	1.0	1179	0	-0.52953
A83T	27	2.2414e-06	0.37143	1.0	101	19	-0.76393	1.0	1.0	1.0	1142	0	-0.76393
M243T	27	2.6349e-06	0.37187	1.0	102	20	-0.37295	1.0	1.0	1.0	1154	0	-0.37295
L257V	30	3.2559e-06	0.48945	1.0	103	16	-0.5966	0.74854	0.96343	1.0	762	5	-0.5966
V147L	15	4.4293e-06	0.2313	1.0	104	13	-0.74168	1.0	1.0	1.0	1156	0	-0.74168
P72S	20	4.8409e-06	0.25495	1.0	105	13	-1.1787	0.87814	0.9903	1.0	849	3	-1.1787
S261VfsTer84	27	5.0145e-06	0.44506	1.0	106	18	-0.65694	0.035373	0.19534	0.64606	369	4	-0.65694
A307P	30	5.0511e-06	0.48945	1.0	107	21	-0.77537	0.99985	0.99999	1.0	1078	1	-0.77537
R249M	24	5.1722e-06	0.39115	1.0	108	16	-0.7205	0.99998	1.0	1.0	1112	0	-0.7205
M243I	30	6.1312e-06	0.55222	1.0	109	21	-0.41563	1.0	1.0	1.0	1189	0	-0.41563
R333VfsTer12	30	6.2502e-06	0.55222	1.0	110	21	-0.5445	0.99834	0.99996	1.0	1038	2	-0.5445
D259Y	27	6.2556e-06	0.51412	1.0	111	16	-0.5894	0.0039524	0.045846	0.195321	275	8	-0.5894
R181H	3	7.9226e-06	0.010631	1.0	112	3	-1.5278	0.99999	0.99221	1.0	1121	0	-1.5278
R249G	24	9.3243e-06	0.47919	1.0	113	18	-0.63185	0.99999	1.0	1.0	1120	0	-0.63185
I232M	28	9.8328e-06	0.54841	1.0	114	20	-0.57515	0.99713	0.9999	1.0	1025	3	-0.57515
H179EfsTer392	27	1.1e-05	0.56402	1.0	115	14	-0.51296	0.74966	0.96761	1.0	763	4	-0.51296
R280G	30	1.1081e-05	0.62393	1.0	116	19	-0.85337	0.97845	0.99933	1.0	961	3	-0.85337
T150AfsTer16	12	1.6032e-05	0.14194	1.0	117	10	-1.3373	0.99911	0.99991	1.0	1050	0	-1.3373
C182AfsTer65	3	2.0295e-05	0.010639	1.0	118	3	-1.5013	0.99998	0.9922	1.0	1108	0	-1.5013
S260F	28	2.0815e-05	0.62791	1.0	119	18	-0.56569	0.36818	0.75821	1.0	587	3	-0.56569
WT	305	2.2556e-05	0.96105	1.0	120	107	-0.10765	0.41615	0.92548	1.0	607	85	-0.10765
T253_I254insC	30	2.4171e-05	0.66394	1.0	121	10	-0.25604	0.96777	0.99916	1.0	948	5	-0.25604
V147LfsTer23	15	2.6079e-05	0.26189	1.0	122	12	-0.74222	0.99994	1.0	1.0	1091	0	-0.74222
G154AfsTer16	49	2.7509e-05	0.91371	1.0	123	28	-0.64877	0.99894	1.0	1.0	1045	6	-0.64877
E180G	18	2.7751e-05	0.39075	1.0	124	14	-0.91696	0.23491	0.60938	1.0	519	3	-0.91696
G279V	30	2.9357e-05	0.66394	1.0	125	18	-0.87333	0.99598	0.99994	1.0	1017	1	-0.87333
R248Q	24	3.1012e-05	0.51498	1.0	126	17	-0.56475	0.99981	1.0	1.0	1074	1	-0.56475
R249T	24	3.4372e-05	0.51498	1.0	127	17	-0.57181	0.99995	1.0	1.0	1095	0	-0.57181
M246I	27	4.0883e-05	0.60212	1.0	128	18	-0.47328	1.0	1.0	1.0	1165	0	-0.47328
L257P	30	4.1139e-05	0.69531	1.0	129	16	-0.57097	0.11143	0.49203	1.0	434	5	-0.57097
R175AfsTer72	14	4.641e-05	0.26929	1.0	130	11	-1.1193	0.99988	1.0	1.0	1082	0	-1.1193
V147A	15	6.0609e-05	0.2619	1.0	131	12	-0.88318	0.99994	1.0	1.0	1094	0	-0.88318
C275R	29	6.3928e-05	0.67405	1.0	132	19	-0.62768	0.7543	0.97071	1.0	765	3	-0.62768
D259G	27	6.4662e-05	0.63178	1.0	133	14	-0.56246	0.00061403	0.017724	0.08699	233	6	-0.56246
P177SfsTer387	6	7.1649e-05	0.079204	1.0	134	6	-1.2161	0.99967	0.99926	1.0	1065	0	-1.2161
T231A	28	8.0635e-05	0.66303	1.0	135	15	-0.59759	0.95535	0.99854	1.0	926	2	-0.59759
C182C	3	9.8461e-05	0.014924	1.0	136	3	-1.3003	0.9999	0.9878	1.0	1086	0	-1.3003
R335VfsTer10	30	9.865e-05	0.72805	1.0	137	19	-0.60855	0.99999	1.0	1.0	1114	0	-0.60855
A78A	26	0.00011229	0.68814	1.0	138	16	-0.82117	0.89787	0.99394	1.0	867	1	-0.82117
R249S	21	0.00011562	0.5284	1.0	139	15	-0.80767	0.99997	0.99998	1.0	1104	0	-0.80767
T253A	30	0.00011803	0.73545	1.0	140	19	-0.61979	0.99973	0.99999	1.0	1069	2	-0.61979
R181P	3	0.00011931	0.014924	1.0	141	3	-1.3361	0.99988	0.9878	1.0	1084	0	-1.3361
T150HfsTer31	13	0.00012087	0.30487	1.0	142	10	-0.90969	0.99637	0.9988	1.0	1019	0	-0.90969
V274V	30	0.0001547	0.80308	1.0	143	16	-0.47084	0.94856	0.9985	1.0	919	3	-0.47084
E258K	30	0.00015862	0.80308	1.0	144	16	-0.48824	0.00033066	0.010236	0.052771	216	10	-0.48824
G245A	27	0.00017959	0.75001	1.0	145	17	-0.43205	1.0	1.0	1.0	1138	0	-0.43205
H179Q	21	0.00020454	0.54326	1.0	146	14	-0.6748	0.68591	0.92839	1.0	732	3	-0.6748
C275G	29	0.00021352	0.78243	1.0	147	18	-0.57508	0.9968	0.99996	1.0	1022	3	-0.57508
P151R	17	0.00025136	0.50919	1.0	148	11	-0.81075	0.87031	0.97847	1.0	842	1	-0.81075
E298E	30	0.00025179	0.80309	1.0	149	13	-0.35116	0.86711	0.98943	1.0	836	4	-0.35116
R156PfsTer17	24	0.00029161	0.65211	1.0	150	14	-0.89624	0.40377	0.78174	1.0	604	1	-0.89624
G356A	13	0.00032637	0.35891	1.0	151	10	-0.56853	0.99994	0.99997	1.0	1092	0	-0.56853
R156AfsTer14	23	0.00035686	0.61125	1.0	152	15	-0.8229	0.98323	0.99942	1.0	974	2	-0.8229
C275W	27	0.00039291	0.755	1.0	153	16	-0.57248	0.99826	0.99993	1.0	1037	1	-0.57248
D259EfsTer5	25	0.00039451	0.68979	1.0	154	11	-0.1402	0.0044336	0.053181	0.225009	282	9	-0.1402
D281V	27	0.00039778	0.755	1.0	155	17	-0.70265	0.72213	0.96063	1.0	752	1	-0.70265
R306R	30	0.00044972	0.83243	1.0	156	17	-0.69572	0.99999	1.0	1.0	1116	0	-0.69572
T230T	26	0.00045128	0.72165	1.0	157	16	-0.54219	0.99992	1.0	1.0	1087	1	-0.54219
L252TfsTer392	30	0.00048166	0.83243	1.0	158	15	-0.59449	0.92904	0.99646	1.0	904	2	-0.59449
T253I	30	0.00048285	0.83243	1.0	159	18	-0.6069	0.99951	0.99998	1.0	1061	2	-0.6069
I332S	6	0.00051096	0.11706	1.0	160	6	-0.7441	0.99949	0.9987	1.0	1059	0	-0.7441
G279W	30	0.00051421	0.83243	1.0	161	18	-0.68702	0.81514	0.98671	1.0	800	3	-0.68702
A86RfsTer63	21	0.00052166	0.69048	1.0	162	14	-0.63283	0.99995	0.99998	1.0	1096	0	-0.63283
S261T	27	0.00053232	0.75668	1.0	163	16	-0.52472	0.034949	0.19534	0.64606	368	4	-0.52472
P278P	30	0.00062906	0.83243	1.0	164	18	-0.63764	0.7195	0.95504	1.0	750	3	-0.63764
A83V	27	0.00065131	0.75669	1.0	165	16	-0.63226	1.0	1.0	1.0	1159	0	-0.63226
R306Q	30	0.0007332	0.83243	1.0	166	17	-0.68356	1.0	1.0	1.0	1126	0	-0.68356
R306Ter	30	0.0007485	0.83244	1.0	167	15	-0.53562	0.99961	0.99999	1.0	1064	2	-0.53562
P278T	26	0.0007749	0.75346	1.0	168	15	-0.61805	0.99984	0.99999	1.0	1075	1	-0.61805
E3Ter	30	0.00081596	0.83244	1.0	169	18	-0.51598	0.99973	0.99999	1.0	1068	2	-0.51598
H233D	28	0.00091162	0.80987	1.0	170	16	-0.47333	0.99914	0.99997	1.0	1051	2	-0.47333
A276G	28	0.00092349	0.80987	1.0	171	17	-0.52427	0.64684	0.93012	1.0	707	1	-0.52427
A276P	29	0.0009829	0.83697	1.0	172	16	-0.55694	1.0	1.0	1.0	1132	0	-0.55694
C277G	28	0.00098671	0.80988	1.0	173	16	-0.7245	0.72345	0.96275	1.0	754	4	-0.7245
R280Ter	30	0.00098881	0.83244	1.0	174	14	-0.50198	0.98893	0.9998	1.0	992	3	-0.50198
P278H	30	0.001047	0.83244	1.0	175	17	-0.66479	0.80395	0.98131	1.0	792	3	-0.66479
S261I	27	0.0011459	0.84929	1.0	176	14	-0.53917	0.068832	0.33016	0.957589	404	5	-0.53917
P278L	30	0.0011515	0.85368	1.0	177	17	-0.64553	0.67979	0.95503	1.0	727	3	-0.64553
R158_A159insP	30	0.0012392	0.85368	1.0	178	17	-0.62372	0.38789	0.80679	1.0	601	4	-0.62372
G279E	30	0.0013159	0.85793	1.0	179	16	-0.62868	0.87688	0.99079	1.0	847	1	-0.62868
Y234H	18	0.0014307	0.61853	1.0	180	12	-0.60509	0.99977	0.99991	1.0	1070	0	-0.60509
R280S	29	0.0015022	0.88252	1.0	181	16	-0.60263	0.9023	0.99454	1.0	875	2	-0.60263
D259E	27	0.0016187	0.88365	1.0	182	14	-0.33393	0.00020064	0.0060076	0.032761	204	8	-0.33393
A159_M160insTRHPRPR	6	0.001757	0.32418	1.0	183	4	-1.0961	0.86716	0.93603	1.0	837	1	-1.0961
G334R	30	0.0018698	0.89774	1.0	184	16	-0.55671	0.99458	0.99985	1.0	1010	1	-0.55671
K139T	17	0.0019469	0.63883	1.0	185	11	-0.6078	0.99999	1.0	1.0	1118	0	-0.6078
R337G	30	0.0019616	0.89775	1.0	186	17	-0.54313	1.0	1.0	1.0	1167	0	-0.54313
M169V	8	0.0020494	0.4655	1.0	187	6	-1.1316	0.6655	0.80926	1.0	721	1	-1.1316
C229Ter	25	0.0021033	0.84461	1.0	188	15	-0.60742	0.99564	0.99977	1.0	1015	2	-0.60742
I251F	21	0.0021263	0.74082	1.0	189	12	-0.68108	0.21024	0.59511	1.0	506	4	-0.68108
T231N	30	0.0021411	0.91737	1.0	190	17	-0.38321	0.99784	0.99996	1.0	1033	2	-0.38321
I232F	30	0.0021881	0.92797	1.0	191	17	-0.43568	0.99994	1.0	1.0	1093	1	-0.43568
D281A	27	0.0022195	0.88365	1.0	192	14	-0.70981	0.96599	0.99937	1.0	944	4	-0.70981
A159RfsTer22	29	0.0022956	0.91575	1.0	193	16	-0.67485	0.99977	1.0	1.0	1071	1	-0.67485
R282W	24	0.0024339	0.82061	1.0	194	14	-0.57363	0.36147	0.77472	1.0	584	6	-0.57363
R273G	28	0.002541	0.89969	1.0	195	6	0.14366	0.21464	0.56693	1.0	510	10	0.14366
V218_P219insRG	30	0.0025975	0.92797	1.0	196	15	-0.4179	0.99986	0.99999	1.0	1080	1	-0.4179
E339DfsTer7	24	0.0028025	0.82062	1.0	197	14	-0.57137	0.60997	0.91125	1.0	690	4	-0.57137
I251M	18	0.0029322	0.71798	1.0	198	11	-0.62741	0.92613	0.9936	1.0	899	2	-0.62741
T150T	13	0.0031132	0.63333	1.0	199	9	-0.5826	0.94542	0.98993	1.0	916	2	-0.5826
L252F	25	0.0031449	0.84461	1.0	200	9	-0.20413	0.10554	0.39758	1.0	432	7	-0.20413
L145P	18	0.0031683	0.78655	1.0	201	11	-0.56933	0.99989	0.99991	1.0	1085	0	-0.56933
Y163D	23	0.0032446	0.80599	1.0	202	12	-0.65338	0.72903	0.94851	1.0	758	1	-0.65338
W146Ter	15	0.0033438	0.72067	1.0	203	10	-0.63664	0.99986	0.99999	1.0	1079	0	-0.63664
I255T	15	0.003635	0.72068	1.0	204	9	-0.62478	0.99926	0.99953	1.0	1054	0	-0.62478
F338S	27	0.0037556	0.88465	1.0	205	14	-0.52459	0.99449	0.99991	1.0	1008	2	-0.52459
C277Y	28	0.0038035	0.90084	1.0	206	15	-0.46275	0.9974	0.99991	1.0	1029	2	-0.46275
M66I	6	0.0038079	0.36954	1.0	207	4	-1.1956	0.0080819	0.037365	0.164916	303	2	-1.1956
T231PfsTer16	29	0.0039352	0.9169	1.0	208	16	-0.5476	0.87954	0.99377	1.0	850	2	-0.5476
I232S	27	0.0040518	0.88466	1.0	209	15	-0.41009	0.9815	0.99938	1.0	971	3	-0.41009
I251N	18	0.0043963	0.82559	1.0	210	11	-0.64844	0.27563	0.62888	1.0	542	3	-0.64844
E339VfsTer8	24	0.0044344	0.88045	1.0	211	13	-0.55128	0.88957	0.98947	1.0	858	3	-0.55128
E336G	30	0.0044896	0.92798	1.0	212	16	-0.5299	0.99998	1.0	1.0	1107	1	-0.5299
I255SfsTer90	12	0.0046454	0.64733	1.0	213	8	-0.88351	0.99214	0.99617	1.0	1001	0	-0.88351
S149PfsTer21	13	0.0047161	0.63997	1.0	214	8	-0.82036	0.59469	0.86325	1.0	684	1	-0.82036
D281H	27	0.0049179	0.91662	1.0	215	14	-0.59371	0.12554	0.48567	1.0	451	4	-0.59371
A159V	29	0.0050594	0.94044	1.0	216	13	-0.29511	0.46177	0.86022	1.0	630	5	-0.29511
R158AfsTer12	27	0.0051787	0.91662	1.0	217	14	-0.5378	0.91243	0.99607	1.0	885	1	-0.5378
T256R	30	0.0054258	0.94947	1.0	218	16	-0.47136	0.96527	0.9989	1.0	942	2	-0.47136
I332F	12	0.005514	0.70142	1.0	219	6	-0.52579	0.96306	0.98851	1.0	938	1	-0.52579
G334W	30	0.0057366	0.94947	1.0	220	16	-0.54501	0.99734	0.99996	1.0	1028	2	-0.54501
V274G	29	0.0058309	0.94044	1.0	221	15	-0.46468	0.11578	0.44088	1.0	440	5	-0.46468
I251S	18	0.0058473	0.82559	1.0	222	10	-0.66892	0.99318	0.9991	1.0	1005	1	-0.66892
C277Ter	27	0.0058886	0.92387	1.0	223	15	-0.59287	0.028549	0.19449	0.64606	352	1	-0.59287
P85LfsTer38	18	0.0060097	0.8256	1.0	224	11	-0.58881	0.98083	0.99879	1.0	967	1	-0.58881
R156L	27	0.0063154	0.92387	1.0	225	14	-0.56937	0.80191	0.97569	1.0	789	3	-0.56937
I232N	27	0.0065841	0.92387	1.0	226	12	-0.42178	0.97416	0.99938	1.0	956	4	-0.42178
V274D	29	0.0073321	0.94044	1.0	227	13	-0.32489	0.90108	0.99454	1.0	872	5	-0.32489
G334V	30	0.0074253	0.94947	1.0	228	13	-0.41298	0.99949	0.99998	1.0	1060	1	-0.41298
R156S	25	0.0079409	0.93028	1.0	229	12	-0.49524	0.82394	0.98169	1.0	805	5	-0.49524
G244NfsTer390	21	0.0085035	0.89422	1.0	230	11	-0.33671	0.98595	0.99897	1.0	985	2	-0.33671
R337H	30	0.0085736	0.94947	1.0	231	15	-0.52519	1.0	1.0	1.0	1161	0	-0.52519
I251L	21	0.0087902	0.89422	1.0	232	12	-0.58014	0.57633	0.8978	1.0	676	3	-0.58014
F113QfsTer5	9	0.0091548	0.57431	1.0	233	6	-0.89941	0.99655	0.99896	1.0	1020	0	-0.89941
A276D	27	0.0092666	0.95103	1.0	234	14	-0.42673	0.99992	1.0	1.0	1088	1	-0.42673
P278A	28	0.0093675	0.94581	1.0	235	13	-0.45717	0.99987	0.99998	1.0	1081	1	-0.45717
R282L	24	0.009382	0.93291	1.0	236	13	-0.63943	0.55665	0.88716	1.0	668	4	-0.63943
N239VfsTer7	3	0.0094039	0.19807	1.0	237	3	-1.4229	0.9906	0.97329	1.0	998	0	-1.4229
C135W	6	0.010056	0.43269	1.0	238	2	0.40206	0.0046542	0.010954	0.056002	286	3	0.40206
A83RfsTer40	30	0.010241	0.95503	1.0	239	15	-0.506	0.99984	0.99999	1.0	1077	1	-0.506
R280K	30	0.010642	0.95503	1.0	240	15	-0.52106	0.94032	0.99682	1.0	911	2	-0.52106
V147D	15	0.010806	0.81275	1.0	241	9	-0.61548	0.99995	1.0	1.0	1100	0	-0.61548
R337S	30	0.010871	0.96232	1.0	242	14	-0.42976	1.0	1.0	1.0	1141	0	-0.42976
A74A	27	0.010966	0.95106	1.0	243	14	-0.63489	0.85804	0.98938	1.0	826	6	-0.63489
K164SfsTer5	6	0.011574	0.4327	1.0	244	3	-0.53067	0.96079	0.97789	1.0	932	0	-0.53067
T125DfsTer24	29	0.012933	0.96604	1.0	245	15	-0.31399	0.99998	1.0	1.0	1109	0	-0.31399
P250P	21	0.012964	0.89656	1.0	246	11	-0.61544	0.21873	0.59511	1.0	513	4	-0.61544
V147I	15	0.013091	0.82247	1.0	247	9	-0.58309	0.98942	0.99616	1.0	995	1	-0.58309
R158S	30	0.013264	0.96234	1.0	248	12	-0.048432	0.01171	0.12815	0.458462	314	9	-0.048432
P151S	11	0.013273	0.69077	1.0	249	7	-0.6799	0.99314	0.9964	1.0	1004	0	-0.6799
K305Ter	24	0.013578	0.93435	1.0	250	13	-0.54886	0.99999	1.0	1.0	1115	0	-0.54886
R156H	28	0.013632	0.96736	1.0	251	12	-0.37196	0.98341	0.99955	1.0	976	3	-0.37196
C277F	28	0.013648	0.96737	1.0	252	11	-0.3283	0.99927	0.99997	1.0	1055	2	-0.3283
I251T	18	0.013743	0.8626	1.0	253	10	-0.61469	0.81519	0.97494	1.0	801	1	-0.61469
R156PfsTer25	25	0.014518	0.94499	1.0	254	13	-0.5777	0.98673	0.99958	1.0	988	3	-0.5777
M40V	27	0.014604	0.96063	1.0	255	13	-0.45879	0.94154	0.99762	1.0	912	1	-0.45879
A159D	30	0.014866	0.97774	1.0	256	14	-0.4471	0.45797	0.84827	1.0	625	7	-0.4471
I254HfsTer10	30	0.015056	0.97774	1.0	257	15	-0.48455	0.8835	0.99398	1.0	855	5	-0.48455
T256K	30	0.015073	0.97774	1.0	258	15	-0.31032	0.99995	1.0	1.0	1098	1	-0.31032
P82RfsTer41	30	0.015337	0.97774	1.0	259	15	-0.51214	0.99695	0.99995	1.0	1023	2	-0.51214
Q354Q	18	0.015378	0.86261	1.0	260	10	-0.40261	0.99984	0.99991	1.0	1076	0	-0.40261
P85L	23	0.016125	0.93353	1.0	261	12	-0.56986	1.0	1.0	1.0	1155	0	-0.56986
D148H	13	0.016814	0.77913	1.0	262	8	-0.64775	0.98039	0.99182	1.0	965	1	-0.64775
T253P	30	0.017196	0.97821	1.0	263	13	-0.40478	0.56964	0.9079	1.0	673	6	-0.40478
G334G	30	0.01737	0.97821	1.0	264	15	-0.3983	1.0	1.0	1.0	1169	0	-0.3983
R280I	30	0.017936	0.97821	1.0	265	13	-0.26657	0.44073	0.81183	1.0	620	3	-0.26657
S149Y	11	0.018807	0.73761	1.0	266	7	-0.62065	0.98791	0.9933	1.0	990	0	-0.62065
A83P	27	0.018989	0.96172	1.0	267	13	-0.53598	0.96868	0.99937	1.0	949	1	-0.53598
R280T	30	0.019361	0.97822	1.0	268	14	-0.45161	0.4344	0.81183	1.0	619	5	-0.45161
Q354R	18	0.019432	0.89141	1.0	269	10	-0.46789	0.99801	0.99973	1.0	1035	1	-0.46789
H296Q	30	0.019596	0.97868	1.0	270	14	-0.24816	0.82646	0.98671	1.0	808	5	-0.24816
L130F	10	0.020168	0.69735	1.0	271	1	0.22027	0.14428	0.34872	0.981368	462	4	0.22027
G154V	24	0.020597	0.95262	1.0	272	12	-0.52388	0.47712	0.84002	1.0	633	4	-0.52388
C242Ter	30	0.020607	0.97868	1.0	273	15	-0.3028	0.33839	0.7799	1.0	576	5	-0.3028
R283AfsTer23	27	0.020649	0.96172	1.0	274	12	-0.46597	0.42056	0.79773	1.0	611	5	-0.46597
V143CfsTer27	13	0.021097	0.81767	1.0	275	3	0.32253	0.11361	0.27889	0.851227	436	5	0.32253
Y234C	18	0.021519	0.89142	1.0	276	9	-0.45652	0.97623	0.99803	1.0	959	2	-0.45652
P250L	21	0.02164	0.9159	1.0	277	10	-0.59279	0.16065	0.50626	1.0	473	3	-0.59279
E358E	10	0.022053	0.71589	1.0	278	5	-0.49136	0.99971	0.99986	1.0	1067	0	-0.49136
R158H	30	0.023265	0.97869	1.0	279	13	-0.30503	0.031944	0.23225	0.73261	360	9	-0.30503
Y234N	18	0.023385	0.89907	1.0	280	10	-0.41344	0.99887	0.99974	1.0	1044	0	-0.41344
Q354Ter	18	0.023642	0.89907	1.0	281	10	-0.37711	0.99968	0.9999	1.0	1066	0	-0.37711
C124G	24	0.024818	0.95263	1.0	282	11	-0.45255	0.83496	0.98373	1.0	816	4	-0.45255
A355P	12	0.025057	0.78072	1.0	283	7	-0.44413	0.99818	0.99955	1.0	1036	0	-0.44413
P278_G279insCLS	30	0.025103	0.97869	1.0	284	13	-0.52027	0.29259	0.70538	1.0	555	5	-0.52027
R282R	24	0.025485	0.95263	1.0	285	11	-0.40931	0.52393	0.88715	1.0	655	4	-0.40931
P71S	20	0.027064	0.9247	1.0	286	6	0.22642	0.38396	0.74121	1.0	595	7	0.22642
A364T	9	0.027897	0.65813	1.0	287	6	-0.52042	0.79245	0.92936	1.0	783	1	-0.52042
P36A	30	0.028006	0.98295	1.0	288	14	-0.39642	0.99799	0.99996	1.0	1034	1	-0.39642
Y126C	30	0.028654	0.98295	1.0	289	12	-0.3589	0.78904	0.97894	1.0	782	6	-0.3589
F113LfsTer392	30	0.028687	0.98295	1.0	290	14	-0.35058	0.99996	1.0	1.0	1103	1	-0.35058
P151H	17	0.028752	0.89519	1.0	291	8	-0.4831	0.98898	0.99854	1.0	993	1	-0.4831
P278LfsTer67	27	0.028949	0.9734	1.0	292	13	-0.43194	0.27337	0.67606	1.0	541	3	-0.43194
D281E	24	0.029099	0.95264	1.0	293	12	-0.4791	0.8024	0.97705	1.0	790	4	-0.4791
R337P	30	0.029587	0.98295	1.0	294	14	-0.40271	1.0	1.0	1.0	1133	0	-0.40271
I232T	27	0.029714	0.9734	1.0	295	12	-0.27881	0.80005	0.97569	1.0	787	5	-0.27881
M160IfsTer20	2	0.029823	0.275	1.0	296	2	-1.0862	0.97018	0.91165	1.0	952	0	-1.0862
I254_I255insH	27	0.030297	0.9734	1.0	297	10	-0.2771	0.75728	0.96762	1.0	767	7	-0.2771
M160K	28	0.030314	0.97763	1.0	298	11	-0.043057	0.70926	0.96274	1.0	746	7	-0.043057
Y234_N234del	2	0.032334	0.32126	1.0	299	2	-1.188	0.96767	0.91165	1.0	947	0	-1.188
A86A	15	0.032547	0.87811	1.0	300	8	-0.50171	0.99978	0.99992	1.0	1072	0	-0.50171
V73WfsTer50	26	0.032667	0.96739	1.0	301	11	-0.24291	0.58608	0.89218	1.0	680	6	-0.24291
G279R	30	0.03293	0.98298	1.0	302	14	-0.4561	0.63895	0.94553	1.0	702	4	-0.4561
G334E	30	0.033928	0.98299	1.0	303	12	-0.27748	0.99955	0.99998	1.0	1062	2	-0.27748
H168AfsTer13	2	0.034337	0.36843	1.0	304	1	-0.92357	0.67843	0.71844	1.0	726	0	-0.92357
R158R	30	0.035137	0.98299	1.0	305	14	-0.49759	0.29251	0.70538	1.0	554	4	-0.49759
Y220D	28	0.035664	0.97837	1.0	306	12	-0.33267	0.99734	0.99991	1.0	1027	3	-0.33267
P82L	30	0.037056	0.98299	1.0	307	14	-0.43502	1.0	1.0	1.0	1146	0	-0.43502
L145Q	18	0.038152	0.93121	1.0	308	9	-0.5402	1.0	1.0	1.0	1129	0	-0.5402
D281N	27	0.039061	0.9734	1.0	309	12	-0.21652	0.15442	0.50628	1.0	470	6	-0.21652
Y163C	8	0.040004	0.64055	1.0	310	5	-0.72102	0.71307	0.8993	1.0	748	2	-0.72102
H214R	15	0.042214	0.87852	1.0	311	4	-0.12044	0.12594	0.38235	1.0	453	5	-0.12044
P87L	15	0.042879	0.87852	1.0	312	8	-0.52797	0.99997	1.0	1.0	1105	0	-0.52797
R282Q	24	0.042942	0.96615	1.0	313	11	-0.37035	0.25794	0.67074	1.0	534	6	-0.37035
K139Ter	18	0.043715	0.93121	1.0	314	9	-0.34593	0.99995	1.0	1.0	1097	0	-0.34593
P219GfsTer29	29	0.043785	0.98272	1.0	315	10	-0.16037	0.96248	0.99894	1.0	935	4	-0.16037
S362R	4	0.044021	0.50273	1.0	316	3	-0.77815	0.22241	0.36285	1.0	515	1	-0.77815
I254N	30	0.045112	0.98507	1.0	317	14	-0.43889	0.31816	0.77989	1.0	569	4	-0.43889
L257SfsTer8	21	0.045191	0.95304	1.0	318	10	-0.27859	0.58296	0.89781	1.0	677	5	-0.27859
H296D	28	0.046418	0.97839	1.0	319	8	-0.043311	0.21056	0.56693	1.0	507	8	-0.043311
S166Ter	4	0.046616	0.50273	1.0	320	3	-0.85794	0.92692	0.9644	1.0	901	0	-0.85794
T230P	27	0.047768	0.97341	1.0	321	12	-0.39289	0.95405	0.99856	1.0	924	3	-0.39289
H297TfsTer48	30	0.048109	0.98507	1.0	322	12	-0.31828	0.64586	0.95503	1.0	706	8	-0.31828
V157D	30	0.050033	0.98555	1.0	323	13	-0.3811	0.13653	0.49467	1.0	455	7	-0.3811
P152S	14	0.051141	0.85139	1.0	324	6	-0.30192	0.86859	0.97202	1.0	839	2	-0.30192
E298Q	29	0.051828	0.98273	1.0	325	13	-0.1798	0.98559	0.99971	1.0	984	4	-0.1798
L114IfsTer35	30	0.052352	0.98555	1.0	326	13	-0.21456	0.99717	0.99995	1.0	1026	3	-0.21456
R283C	22	0.053049	0.96251	1.0	327	10	-0.47795	0.69403	0.9333	1.0	737	3	-0.47795
F338L	27	0.053612	0.98165	1.0	328	11	-0.43449	0.75825	0.96762	1.0	768	1	-0.43449
C141_P142insL	12	0.053705	0.84474	1.0	329	6	-0.45521	0.05069	0.18023	0.607537	388	2	-0.45521
Y234D	18	0.054755	0.93386	1.0	330	7	-0.34681	0.87268	0.98456	1.0	844	3	-0.34681
R273L	28	0.055451	0.98536	1.0	331	11	-0.16847	0.78134	0.97518	1.0	778	7	-0.16847
E336Ter	30	0.055497	0.98555	1.0	332	11	-0.3432	0.99503	0.99986	1.0	1014	2	-0.3432
L257TfsTer7	26	0.055787	0.97712	1.0	333	11	-0.35681	0.63871	0.93672	1.0	701	4	-0.35681
E2E	29	0.056903	0.98274	1.0	334	13	-0.44238	0.97606	0.99941	1.0	958	2	-0.44238
Y234S	17	0.056925	0.91875	1.0	335	8	-0.23836	0.79494	0.96573	1.0	784	3	-0.23836
F341Y	27	0.060135	0.98166	1.0	336	12	-0.24549	0.026847	0.19449	0.64606	349	7	-0.24549
T284P	21	0.060323	0.96382	1.0	337	6	-0.10824	0.46088	0.81214	1.0	629	6	-0.10824
R342R	24	0.060568	0.97626	1.0	338	9	-0.22659	0.12384	0.48126	1.0	448	5	-0.22659
D7H	27	0.061153	0.98166	1.0	339	9	-0.37847	0.9994	0.99997	1.0	1057	2	-0.37847
R342Q	27	0.061556	0.98166	1.0	340	12	-0.3477	0.17268	0.51288	1.0	484	7	-0.3477
V73L	23	0.061742	0.97693	1.0	341	10	-0.2583	0.66526	0.94132	1.0	720	6	-0.2583
P75LfsTer48	20	0.063005	0.95438	1.0	342	5	-0.15488	0.98544	0.99875	1.0	983	1	-0.15488
V274A	28	0.063071	0.98537	1.0	343	10	-0.24928	0.98543	0.99962	1.0	982	3	-0.24928
R335C	30	0.064855	0.98556	1.0	344	13	-0.23207	0.99918	0.99996	1.0	1052	2	-0.23207
P142LfsTer28	13	0.06873	0.87625	1.0	345	5	-0.32606	0.33255	0.63303	1.0	571	3	-0.32606
R158L	30	0.07084	0.99021	1.0	346	13	-0.25004	0.57587	0.9079	1.0	675	6	-0.25004
I254T	30	0.071307	0.99022	1.0	347	11	-0.12823	0.33759	0.7799	1.0	575	5	-0.12823
S362G	4	0.074085	0.62282	1.0	348	2	-0.70405	0.91813	0.95208	1.0	893	0	-0.70405
R337C	30	0.074219	0.99022	1.0	349	13	-0.35595	1.0	1.0	1.0	1160	0	-0.35595
A84T	24	0.074769	0.98192	1.0	350	11	-0.4466	0.99999	1.0	1.0	1119	0	-0.4466
L130V	9	0.075974	0.82125	1.0	351	1	0.31168	0.13995	0.29954	0.900832	460	4	0.31168
N235YfsTer392	6	0.077449	0.68019	1.0	352	3	0.29938	0.12249	0.27102	0.831374	445	3	0.29938
P13L	27	0.082993	0.9896	1.0	353	12	-0.45369	0.90767	0.99607	1.0	881	4	-0.45369
L114L	30	0.084072	0.9921	1.0	354	13	-0.17035	0.99133	0.99981	1.0	1000	3	-0.17035
R282_R283insP	24	0.088227	0.98192	1.0	355	9	-0.25427	0.44486	0.84001	1.0	622	6	-0.25427
P87S	15	0.090158	0.92335	1.0	356	7	-0.43696	0.99994	1.0	1.0	1090	0	-0.43696
R273S	29	0.092297	0.99297	1.0	357	10	-0.2292	0.58573	0.93154	1.0	679	4	-0.2292
Y234Y	3	0.092638	0.55951	1.0	358	2	-0.41032	0.70499	0.74711	1.0	744	0	-0.41032
R282_R283insERK	21	0.093305	0.96583	1.0	359	9	-0.022446	0.97538	0.99797	1.0	957	3	-0.022446
V73M	28	0.093724	0.99162	1.0	360	10	0.039625	0.87699	0.99135	1.0	848	4	0.039625
V157G	24	0.095204	0.98192	1.0	361	8	-0.01266	0.53002	0.88715	1.0	660	4	-0.01266
C124AfsTer46	17	0.097046	0.94911	1.0	362	7	-0.43725	0.80947	0.9701	1.0	797	4	-0.43725
N239K	15	0.097835	0.92336	1.0	363	4	1.094	2.9708e-06	6.0519e-05	0.000554	135	9	1.094
R342EfsTer3	21	0.099265	0.96583	1.0	364	9	-0.32117	0.20213	0.53372	1.0	498	3	-0.32117
V218_P219insR	29	0.10744	0.99419	1.0	365	12	-0.36703	0.99955	1.0	1.0	1063	2	-0.36703
I254L	30	0.10947	0.99444	1.0	366	12	-0.39788	0.26599	0.66062	1.0	539	6	-0.39788
C275Ter	29	0.11109	0.99419	1.0	367	11	-0.14795	0.15157	0.51983	1.0	468	6	-0.14795
T253N	30	0.11156	0.99444	1.0	368	12	-0.32872	0.99872	0.99996	1.0	1042	2	-0.32872
H214D	11	0.11202	0.87818	1.0	369	5	0.20637	0.34843	0.62386	1.0	580	4	0.20637
F270S	30	0.11269	0.99444	1.0	370	9	0.067206	0.33355	0.7799	1.0	572	10	0.067206
T231P	28	0.1131	0.9926	1.0	371	11	-0.24854	0.96275	0.99879	1.0	937	5	-0.24854
F270C	29	0.11358	0.9942	1.0	372	8	-0.016469	0.61652	0.94329	1.0	696	6	-0.016469
D281Y	27	0.11468	0.99065	1.0	373	11	-0.46707	0.2905	0.69373	1.0	552	3	-0.46707
C229S	25	0.11749	0.98558	1.0	374	8	-0.34356	0.98962	0.99971	1.0	996	3	-0.34356
P152R	12	0.12306	0.90289	1.0	375	6	-0.063495	0.039573	0.15652	0.542594	376	4	-0.063495
E339DfsTer10	6	0.12349	0.7612	1.0	376	3	-0.57187	0.91251	0.93604	1.0	886	0	-0.57187
T155I	25	0.12496	0.98559	1.0	377	9	-0.41525	0.95324	0.99846	1.0	922	3	-0.41525
I162N	26	0.12828	0.98835	1.0	378	10	-0.43278	0.78371	0.97693	1.0	779	3	-0.43278
C135Ter	6	0.1283	0.7612	1.0	379	2	0.15701	0.0039668	0.0090416	0.047209	276	3	0.15701
L111VfsTer40	21	0.12864	0.96601	1.0	380	9	-0.45019	0.64883	0.91588	1.0	708	2	-0.45019
R156G	21	0.13097	0.96602	1.0	381	6	-0.12506	0.93843	0.994	1.0	909	3	-0.12506
V272M	28	0.13355	0.9926	1.0	382	7	0.12109	0.70473	0.96274	1.0	743	6	0.12109
N235D	6	0.13462	0.7612	1.0	383	3	-0.57144	0.90673	0.93604	1.0	879	0	-0.57144
R283L	22	0.13668	0.97279	1.0	384	8	-0.059856	0.54405	0.86003	1.0	664	5	-0.059856
S241C	21	0.13686	0.96602	1.0	385	7	-0.10123	0.0029222	0.026931	0.122387	265	8	-0.10123
I254MfsTer10	30	0.13752	0.99544	1.0	386	10	-0.18591	0.82205	0.98671	1.0	804	4	-0.18591
C275Y	29	0.13788	0.9942	1.0	387	12	-0.1798	0.99104	0.99975	1.0	999	3	-0.1798
A276T	29	0.13826	0.9942	1.0	388	10	-0.35275	0.9161	0.99548	1.0	889	4	-0.35275
Q136SfsTer35	6	0.13844	0.7612	1.0	389	2	0.063591	0.0027078	0.0084768	0.044832	262	3	0.063591
V157AfsTer391	30	0.14257	0.99544	1.0	390	9	-0.027691	0.86164	0.98942	1.0	829	6	-0.027691
G244R	30	0.14288	0.99544	1.0	391	11	-0.25868	0.99979	0.99999	1.0	1073	1	-0.25868
I332N	11	0.14483	0.8905	1.0	392	3	-0.20633	0.87365	0.97439	1.0	845	2	-0.20633
S215C	19	0.14612	0.97201	1.0	393	6	-0.11483	0.50768	0.83653	1.0	645	4	-0.11483
S366S	8	0.1477	0.85834	1.0	394	3	-0.45137	0.42761	0.71556	1.0	617	1	-0.45137
D41H	30	0.14881	0.99544	1.0	395	11	-0.39673	0.97874	0.99934	1.0	962	1	-0.39673
M160WfsTer10	27	0.1501	0.99071	1.0	396	11	-0.42744	0.98644	0.99948	1.0	987	2	-0.42744
R333P	30	0.15131	0.99544	1.0	397	12	-0.41756	0.72644	0.95504	1.0	757	4	-0.41756
P82P	14	0.15219	0.93898	1.0	398	6	-0.46275	0.98289	0.99471	1.0	973	1	-0.46275
S362S	5	0.15309	0.7576	1.0	399	2	-0.47286	0.91646	0.9226	1.0	891	0	-0.47286
G154G	24	0.15471	0.98362	1.0	400	9	-0.16743	0.13693	0.48126	1.0	456	6	-0.16743
N239S	12	0.15688	0.91378	1.0	401	3	1.3285	1.758e-05	0.00017349	0.001429	162	8	1.3285
S362AfsTer8	3	0.15781	0.55952	1.0	402	2	-0.6517	0.94282	0.93633	1.0	913	0	-0.6517
P278_G279insCLCLS	24	0.1582	0.98621	1.0	403	9	-0.34906	0.98357	0.99945	1.0	977	3	-0.34906
R158P	30	0.15821	0.99544	1.0	404	12	-0.34164	0.022285	0.20228	0.654889	339	10	-0.34164
T256_L257insQ	24	0.16078	0.98621	1.0	405	8	-0.11714	0.52357	0.88715	1.0	653	3	-0.11714
R282P	24	0.16142	0.98621	1.0	406	10	-0.098134	0.59189	0.90186	1.0	682	6	-0.098134
N131T	5	0.16218	0.7576	1.0	407	3	-0.5702	0.41747	0.60355	1.0	608	1	-0.5702
L111FfsTer14	18	0.16222	0.97714	1.0	408	6	-0.28482	0.61166	0.91098	1.0	691	3	-0.28482
G226D	21	0.16296	0.98255	1.0	409	9	-0.34364	0.65359	0.91588	1.0	713	3	-0.34364
S241A	18	0.16628	0.97714	1.0	410	6	0.73086	3.0296e-06	7.6658e-05	0.000682	136	9	0.73086
S33F	30	0.16964	0.99545	1.0	411	8	0.10339	0.010166	0.11251	0.412103	311	8	0.10339
C242F	30	0.17075	0.99545	1.0	412	11	0.14754	0.00034822	0.010236	0.052771	217	12	0.14754
F113V	30	0.17201	0.99545	1.0	413	11	-0.31057	0.99853	0.99996	1.0	1041	2	-0.31057
Y163N	23	0.17212	0.98894	1.0	414	9	-0.40531	0.56331	0.87513	1.0	670	2	-0.40531
P142L	18	0.17432	0.97714	1.0	415	7	-0.16825	0.25691	0.60939	1.0	533	3	-0.16825
E298Ter	30	0.17503	0.99545	1.0	416	10	-0.28739	0.68873	0.95503	1.0	735	5	-0.28739
P153H	24	0.18004	0.99128	1.0	417	9	-0.069934	0.96014	0.9979	1.0	931	4	-0.069934
Y234Ter	2	0.18036	0.46972	1.0	418	1	-0.19747	0.45904	0.47364	1.0	628	1	-0.19747
S240C	18	0.18153	0.97718	1.0	419	4	1.3161	3.4223e-09	4.0346e-06	5.1e-05	55	12	1.3161
L252P	30	0.18207	0.99545	1.0	420	11	-0.38183	0.15544	0.53547	1.0	471	6	-0.38183
S90PfsTer33	3	0.18261	0.61457	1.0	421	1	-0.54682	0.89404	0.91917	1.0	863	0	-0.54682
L130R	10	0.18572	0.91722	1.0	422	2	0.15471	0.14557	0.34872	0.981368	463	5	0.15471
R337L	30	0.18879	0.99545	1.0	423	10	-0.27112	0.99999	1.0	1.0	1125	0	-0.27112
Q167Ter	4	0.18989	0.67062	1.0	424	2	-0.588	0.92964	0.9644	1.0	905	0	-0.588
E339K	30	0.19858	0.9962	1.0	425	10	-0.19794	0.0090124	0.11251	0.412103	306	7	-0.19794
P219L	29	0.19889	0.99515	1.0	426	11	-0.22278	0.95775	0.99866	1.0	928	4	-0.22278
G154A	25	0.19949	0.99507	1.0	427	10	-0.011062	0.85772	0.98475	1.0	825	5	-0.011062
P80S	11	0.20146	0.93782	1.0	428	3	0.39961	0.1227	0.3191	0.943469	446	2	0.39961
S6S	28	0.20567	0.99384	1.0	429	9	-0.25066	0.70957	0.96274	1.0	747	4	-0.25066
K291N	28	0.20581	0.99384	1.0	430	6	0.77257	4.4283e-05	0.0017551	0.011768	175	18	0.77257
I254SfsTer91	30	0.20845	0.9962	1.0	431	10	-0.39654	0.50393	0.88574	1.0	644	5	-0.39654
C238G	9	0.20992	0.89302	1.0	432	4	0.085484	0.12842	0.29954	0.900832	454	4	0.085484
V274L	29	0.2102	0.99515	1.0	433	11	-0.093329	0.24552	0.61432	1.0	524	8	-0.093329
I255S	14	0.21195	0.95825	1.0	434	6	-0.49832	0.99899	0.99919	1.0	1047	0	-0.49832
R273H	29	0.21315	0.99515	1.0	435	11	-0.10168	0.91622	0.99548	1.0	890	6	-0.10168
D148E	14	0.21431	0.95826	1.0	436	6	-0.46938	0.99744	0.99918	1.0	1030	0	-0.46938
I255TfsTer392	12	0.21564	0.95244	1.0	437	5	-0.23716	0.97249	0.98851	1.0	954	1	-0.23716
L344RfsTer8	3	0.21666	0.62508	1.0	438	2	-0.54744	0.65412	0.74711	1.0	714	1	-0.54744
V147G	15	0.22006	0.96296	1.0	439	6	-0.4942	0.99999	1.0	1.0	1113	0	-0.4942
L114SfsTer10	3	0.22033	0.62508	1.0	440	1	0.55026	0.62082	0.70607	1.0	698	1	0.55026
G154S	24	0.22305	0.99531	1.0	441	9	-0.1125	0.3717	0.77473	1.0	588	6	-0.1125
P89L	3	0.2231	0.62508	1.0	442	2	-0.51608	0.95478	0.93633	1.0	925	0	-0.51608
R335H	30	0.22332	0.9962	1.0	443	10	-0.30273	0.99482	0.99986	1.0	1012	2	-0.30273
R110H	19	0.22348	0.98232	1.0	444	5	-0.07893	0.93472	0.99478	1.0	907	3	-0.07893
G244A	30	0.22444	0.9962	1.0	445	11	-0.17325	1.0	1.0	1.0	1134	0	-0.17325
A276S	29	0.2269	0.99812	1.0	446	11	-0.25147	0.52459	0.88102	1.0	656	6	-0.25147
C242W	30	0.22742	0.99703	1.0	447	11	-0.22889	0.29132	0.70538	1.0	553	4	-0.22889
P152AfsTer14	14	0.22775	0.97215	1.0	448	6	-0.19962	0.90115	0.97549	1.0	873	2	-0.19962
H214IfsTer33	9	0.22832	0.89303	1.0	449	4	-0.10611	0.98139	0.98966	1.0	970	0	-0.10611
S215G	20	0.2292	0.9865	1.0	450	6	-0.33188	0.37503	0.7412	1.0	591	4	-0.33188
V272A	29	0.23052	0.99812	1.0	451	10	0.025013	0.30903	0.7405	1.0	564	7	0.025013
Y220S	29	0.23256	0.99829	1.0	452	11	-0.28725	0.95842	0.99866	1.0	929	5	-0.28725
Q165K	6	0.2367	0.81983	1.0	453	3	-0.40808	0.51789	0.69704	1.0	647	2	-0.40808
I162S	26	0.237	0.99712	1.0	454	7	-0.22639	0.4217	0.78885	1.0	612	5	-0.22639
A161T	28	0.23722	0.99769	1.0	455	10	-0.36163	0.96901	0.99887	1.0	950	3	-0.36163
P152Q	15	0.24284	0.97998	1.0	456	6	-0.1798	0.95627	0.99539	1.0	927	1	-0.1798
I254S	30	0.24321	0.99869	1.0	457	11	-0.28926	0.24961	0.66062	1.0	528	5	-0.28926
Q167AfsTer13	4	0.24355	0.71541	1.0	458	1	0.096219	0.80702	0.83965	1.0	796	0	0.096219
E339AfsTer8	24	0.24449	0.99532	1.0	459	9	-0.21475	0.72112	0.96113	1.0	751	4	-0.21475
R342QfsTer3	3	0.24609	0.62508	1.0	460	1	-0.38666	0.86188	0.91916	1.0	831	0	-0.38666
L35CfsTer9	30	0.24701	0.9987	1.0	461	8	0.012741	0.030315	0.20703	0.666732	355	9	0.012741
Q354L	18	0.24825	0.98237	1.0	462	6	-0.30304	0.99996	1.0	1.0	1102	0	-0.30304
P278S	27	0.24879	0.99778	1.0	463	10	-0.3345	0.45821	0.82982	1.0	626	4	-0.3345
G245R	29	0.24903	0.99829	1.0	464	11	-0.28346	1.0	1.0	1.0	1172	0	-0.28346
P190A	27	0.25258	0.99778	1.0	465	10	-0.41802	0.69521	0.9514	1.0	739	2	-0.41802
C275S	29	0.25291	0.9983	1.0	466	11	-0.34817	0.89357	0.99378	1.0	862	5	-0.34817
P152T	15	0.25417	0.98015	1.0	467	5	-0.24477	0.75222	0.93775	1.0	764	3	-0.24477
V143AfsTer5	18	0.25545	0.98237	1.0	468	6	-0.068115	0.16379	0.44446	1.0	478	6	-0.068115
T284S	21	0.25573	0.98906	1.0	469	7	-0.12506	0.6832	0.91589	1.0	729	5	-0.12506
R333C	30	0.26382	0.99886	1.0	470	11	-0.40758	0.92302	0.99645	1.0	897	2	-0.40758
L289EfsTer58	23	0.26476	0.9944	1.0	471	8	-0.00046197	0.0015313	0.022767	0.108278	252	9	-0.00046197
D148N	13	0.26772	0.96458	1.0	472	5	-0.47974	0.9262	0.98992	1.0	900	1	-0.47974
V157F	30	0.26843	0.99886	1.0	473	8	-0.013377	0.48072	0.88573	1.0	634	5	-0.013377
Y220Ter	30	0.26894	0.99886	1.0	474	11	-0.1684	0.9841	0.99975	1.0	978	4	-0.1684
P71L	22	0.27057	0.99203	1.0	475	8	-0.41092	0.82412	0.97826	1.0	806	5	-0.41092
H168P	2	0.27189	0.51187	1.0	476	1	-0.57451	0.80999	0.81454	1.0	798	0	-0.57451
C242Y	30	0.27317	0.99887	1.0	477	10	0.23457	6.6521e-05	0.0033851	0.020454	182	13	0.23457
E294E	29	0.27501	0.9985	1.0	478	5	0.48055	0.0015594	0.026261	0.122056	253	16	0.48055
G112R	30	0.27511	0.99887	1.0	479	8	-0.29477	0.88219	0.99398	1.0	853	4	-0.29477
P80LfsTer43	10	0.27775	0.93689	1.0	480	4	-0.26192	0.87569	0.96807	1.0	846	1	-0.26192
F113C	30	0.28386	0.99887	1.0	481	10	-0.395	0.9977	0.99996	1.0	1032	2	-0.395
M160V	28	0.28823	0.99804	1.0	482	10	-0.31609	0.91019	0.99411	1.0	882	3	-0.31609
P82TfsTer67	18	0.2888	0.98732	1.0	483	7	-0.28009	0.99995	1.0	1.0	1099	0	-0.28009
E68K	25	0.29009	0.99582	1.0	484	3	0.32735	0.18637	0.53635	1.0	492	10	0.32735
R283P	22	0.29116	0.9939	1.0	485	8	-0.069603	0.3871	0.76981	1.0	599	4	-0.069603
A159PfsTer12	30	0.29284	0.99908	1.0	486	11	-0.30623	0.20324	0.64103	1.0	500	8	-0.30623
V143A	16	0.29634	0.98492	1.0	487	5	-0.24053	0.27328	0.66155	1.0	540	4	-0.24053
T102_Y102del	12	0.29787	0.95337	1.0	488	2	0.68128	0.013675	0.061266	0.254825	318	7	0.68128
V272G	27	0.29988	0.99779	1.0	489	7	-0.071444	0.33412	0.76796	1.0	573	8	-0.071444
Q167H	2	0.30609	0.51187	1.0	490	1	-0.64741	0.88097	0.84234	1.0	851	0	-0.64741
F270F	28	0.30842	0.99804	1.0	491	1	0.39743	0.0077621	0.077606	0.304637	301	15	0.39743
E271V	29	0.31747	0.9985	1.0	492	7	-0.029333	0.69518	0.9433	1.0	738	6	-0.029333
M160SfsTer12	28	0.31924	0.99804	1.0	493	7	0.55578	0.0004919	0.012382	0.062267	228	17	0.55578
A189D	30	0.32064	0.99908	1.0	494	10	-0.29118	0.2434	0.66061	1.0	522	4	-0.29118
R158G	29	0.32364	0.9985	1.0	495	7	-0.19427	0.5904	0.93154	1.0	681	7	-0.19427
R283H	22	0.32769	0.9957	1.0	496	8	0.10306	0.23341	0.56892	1.0	518	6	0.10306
R110_L111insP	18	0.32896	0.99025	1.0	497	6	0.030876	0.78054	0.95774	1.0	777	4	0.030876
C242R	21	0.32936	0.99415	1.0	498	4	0.82312	8.1507e-10	4.0346e-06	5.1e-05	46	12	0.82312
M66L	12	0.33764	0.96452	1.0	499	2	0.19362	0.28559	0.55782	1.0	549	4	0.19362
P128_A128del	54	0.34078	0.99999	1.0	500	6	0.39791	0.001613	0.066624	0.26933	254	27	0.39791
G154_T155insSP	2	0.34259	0.51188	1.0	501	1	-0.64412	0.83632	0.84233	1.0	819	0	-0.64412
I162I	23	0.34414	0.9971	1.0	502	8	-0.35057	0.8831	0.98491	1.0	854	4	-0.35057
R156C	25	0.34415	0.99741	1.0	503	9	-0.1845	0.61579	0.92029	1.0	695	4	-0.1845
H214Q	16	0.34502	0.98516	1.0	504	4	-0.22076	0.3615	0.68729	1.0	585	6	-0.22076
K164R	6	0.34516	0.8513	1.0	505	2	0.18246	0.90374	0.93604	1.0	877	0	0.18246
I254M	30	0.34605	0.99908	1.0	506	7	-0.11227	0.80179	0.98131	1.0	788	6	-0.11227
T155SfsTer28	16	0.35096	0.98517	1.0	507	6	-0.1941	0.42646	0.70044	1.0	615	5	-0.1941
A74RfsTer51	22	0.35274	0.99571	1.0	508	8	0.075736	0.66788	0.9333	1.0	722	5	0.075736
T140I	17	0.35464	0.98853	1.0	509	6	-0.15133	0.89265	0.98859	1.0	860	2	-0.15133
S240G	18	0.35694	0.99122	1.0	510	4	1.0967	1.0835e-08	4.0346e-06	5.1e-05	67	11	1.0967
Q167HfsTer3	2	0.35696	0.51188	1.0	511	1	0.065119	0.42665	0.47364	1.0	616	1	0.065119
D228AfsTer20	23	0.35714	0.9971	1.0	512	4	-0.13926	0.96982	0.99782	1.0	951	3	-0.13926
D42D	29	0.35802	0.9985	1.0	513	10	-0.29106	0.6495	0.94329	1.0	710	5	-0.29106
A161D	26	0.3586	0.99807	1.0	514	9	-0.22629	0.38028	0.75923	1.0	594	4	-0.22629
A159T	30	0.36275	0.99908	1.0	515	9	-0.057648	0.64455	0.95503	1.0	705	7	-0.057648
F341C	27	0.36369	0.99829	1.0	516	9	-0.3854	0.088935	0.33731	0.96477	421	8	-0.3854
L43Ter	60	0.36875	0.99999	1.0	517	20	-0.22448	0.68799	0.98094	1.0	733	14	-0.22448
N235S	6	0.37004	0.8513	1.0	518	2	-0.48907	0.6621	0.83418	1.0	717	1	-0.48907
E343SfsTer2	24	0.37244	0.99768	1.0	519	8	-0.18693	0.21599	0.62585	1.0	512	6	-0.18693
I255F	30	0.37401	0.9993	1.0	520	6	0.077095	0.4186	0.80934	1.0	609	9	0.077095
V73AfsTer76	29	0.37579	0.99883	1.0	521	3	0.086469	0.66305	0.9433	1.0	718	8	0.086469
L111KfsTer39	28	0.37614	0.99856	1.0	522	9	-0.14266	0.6499	0.93012	1.0	711	6	-0.14266
P191S	30	0.37774	0.9993	1.0	523	9	-0.19152	0.61382	0.92601	1.0	694	8	-0.19152
P152HfsTer20	13	0.38055	0.97417	1.0	524	4	-0.28356	0.67628	0.88876	1.0	725	2	-0.28356
H168L	2	0.38269	0.51188	1.0	525	1	-0.22038	0.63849	0.64361	1.0	700	0	-0.22038
P219R	28	0.38384	0.99856	1.0	526	8	-0.18544	0.98335	0.99955	1.0	975	3	-0.18544
P92S	2	0.38736	0.51188	1.0	527	1	-0.50638	0.80575	0.81454	1.0	795	0	-0.50638
C238W	12	0.38898	0.96452	1.0	528	2	0.94719	0.0039699	0.016159	0.079625	277	8	0.94719
P219H	28	0.38945	0.99909	1.0	529	9	-0.12763	0.95215	0.998	1.0	920	4	-0.12763
F113S	30	0.39346	0.99931	1.0	530	10	-0.40543	0.42284	0.81182	1.0	613	5	-0.40543
D7N	27	0.39393	0.99899	1.0	531	7	-0.18119	0.37836	0.79772	1.0	592	4	-0.18119
A138A	19	0.39481	0.99336	1.0	532	6	-0.22673	0.96614	0.9974	1.0	945	1	-0.22673
S241Y	21	0.39486	0.9959	1.0	533	6	0.16679	3.7743e-07	4.0346e-06	5.1e-05	106	9	0.16679
P82LfsTer69	20	0.39496	0.99448	1.0	534	7	-0.23056	0.099223	0.35997	1.0	428	4	-0.23056
Q144L	8	0.39557	0.90068	1.0	535	3	-0.2058	0.8501	0.93128	1.0	822	1	-0.2058
I255N	15	0.39745	0.98544	1.0	536	4	-0.354	0.96227	0.9954	1.0	934	2	-0.354
F113L	30	0.40131	0.99931	1.0	537	8	-0.1348	0.98091	0.99956	1.0	968	3	-0.1348
L111KfsTer14	22	0.40163	0.99572	1.0	538	7	-0.31404	0.99999	1.0	1.0	1122	0	-0.31404
E17Ter	10	0.40352	0.9463	1.0	539	2	0.89655	0.021617	0.082859	0.322863	337	6	0.89655
M237V	9	0.40384	0.9268	1.0	540	3	0.3849	0.038733	0.10162	0.383656	374	4	0.3849
G112WfsTer12	18	0.4041	0.99122	1.0	541	6	0.073764	0.75614	0.93948	1.0	766	3	0.073764
T155P	23	0.40802	0.99711	1.0	542	6	-0.2141	0.35131	0.7278	1.0	581	8	-0.2141
Y220N	29	0.41011	0.99917	1.0	543	8	-0.12349	0.97923	0.99971	1.0	963	3	-0.12349
I254F	30	0.41417	0.99951	1.0	544	8	-0.071587	0.34444	0.7799	1.0	579	9	-0.071587
D41N	30	0.41434	0.99951	1.0	545	9	-0.10564	0.84981	0.98921	1.0	821	7	-0.10564
N235K	6	0.41578	0.8513	1.0	546	1	0.28894	0.91164	0.93604	1.0	884	0	0.28894
Y126D	30	0.41993	0.99951	1.0	547	9	0.034555	0.31345	0.77989	1.0	566	11	0.034555
Y220MfsTer27	29	0.41998	0.99918	1.0	548	9	-0.2136	0.90246	0.99454	1.0	876	3	-0.2136
E285Q	24	0.42534	0.9977	1.0	549	3	0.070003	0.83585	0.98373	1.0	818	5	0.070003
V157I	30	0.42934	0.99951	1.0	550	8	0.074675	0.17055	0.53805	1.0	482	8	0.074675
P190T	30	0.43063	0.99952	1.0	551	8	-0.022494	0.14706	0.49467	1.0	465	8	-0.022494
R283G	22	0.43197	0.99674	1.0	552	6	-0.18291	0.48413	0.82566	1.0	638	6	-0.18291
T155N	25	0.43203	0.99823	1.0	553	8	-0.071487	0.76624	0.9695	1.0	772	6	-0.071487
N239D	12	0.43315	0.97041	1.0	554	2	0.95175	0.00062852	0.0030381	0.018732	234	8	0.95175
P153S	26	0.43416	0.9987	1.0	555	8	-0.22339	0.55606	0.89025	1.0	667	5	-0.22339
E349NfsTer21	30	0.4374	0.99952	1.0	556	8	-0.062453	0.26092	0.66062	1.0	535	7	-0.062453
L252IfsTer391	1	0.43798	0.43378	1.0	557	0	-0.19959	0.56202	0.56622	1.0	669	0	-0.19959
A159P	30	0.43896	0.99952	1.0	558	6	0.4003	0.01235	0.12815	0.458462	315	15	0.4003
E343D	9	0.43938	0.9268	1.0	559	2	-0.090187	0.16948	0.35682	0.997305	481	4	-0.090187
C141Y	16	0.44077	0.98936	1.0	560	4	-0.17189	0.22411	0.49662	1.0	517	2	-0.17189
Q136E	5	0.44094	0.80478	1.0	561	2	-0.089051	0.14066	0.28618	0.864886	461	2	-0.089051
Y236S	6	0.44122	0.8513	1.0	562	1	0.35942	0.37455	0.55941	1.0	590	1	0.35942
D42H	30	0.44136	0.99952	1.0	563	10	-0.11476	0.40226	0.80934	1.0	603	7	-0.11476
M160PfsTer9	3	0.44193	0.66583	1.0	564	1	0.22767	0.12427	0.18529	0.621179	449	1	0.22767
Y163H	23	0.445	0.99798	1.0	565	7	-0.18034	0.78807	0.96957	1.0	781	5	-0.18034
P153L	24	0.44635	0.9977	1.0	566	6	-0.24419	0.82032	0.97767	1.0	803	5	-0.24419
G226G	21	0.44688	0.99644	1.0	567	6	0.10269	0.92987	0.994	1.0	906	4	0.10269
K164N	6	0.44882	0.8513	1.0	568	2	-0.18072	0.60894	0.79275	1.0	689	1	-0.18072
N131I	5	0.45206	0.81885	1.0	569	1	0.071607	0.88628	0.92259	1.0	856	0	0.071607
L145R	18	0.45421	0.99402	1.0	570	5	-0.20102	0.99458	0.9991	1.0	1011	1	-0.20102
R213G	11	0.4549	0.96168	1.0	571	3	0.75883	0.024317	0.10487	0.393996	344	6	0.75883
A138T	19	0.45521	0.99544	1.0	572	6	-0.19043	0.99911	0.99987	1.0	1049	1	-0.19043
A159_M160insTR	28	0.45832	0.99922	1.0	573	8	-0.046412	0.0043851	0.063203	0.258498	281	8	-0.046412
G154D	24	0.45904	0.9984	1.0	574	7	-0.13649	0.57185	0.90185	1.0	674	5	-0.13649
P142CfsTer6	17	0.46419	0.99178	1.0	575	5	-0.15653	0.48407	0.76741	1.0	637	4	-0.15653
F338F	27	0.46528	0.999	1.0	576	5	-0.16185	0.96262	0.99881	1.0	936	4	-0.16185
F212V	14	0.47214	0.98002	1.0	577	3	0.8165	0.0054758	0.042763	0.184755	288	9	0.8165
L130P	10	0.47429	0.9463	1.0	578	2	0.84881	0.0012484	0.0080249	0.042811	244	7	0.84881
S166S	4	0.47597	0.77012	1.0	579	1	-0.12606	0.69122	0.73711	1.0	736	1	-0.12606
T256P	18	0.48036	0.99402	1.0	580	6	-0.42927	0.56933	0.85957	1.0	672	4	-0.42927
D228N	23	0.48158	0.99799	1.0	581	7	0.12396	0.58399	0.88749	1.0	678	6	0.12396
Q165H	6	0.48308	0.8513	1.0	582	2	0.42794	0.50231	0.66754	1.0	643	2	0.42794
P219AfsTer3	30	0.48344	0.99956	1.0	583	9	-0.17713	0.72362	0.95504	1.0	755	4	-0.17713
S90S	2	0.4868	0.55369	1.0	584	1	-0.54785	0.89498	0.86802	1.0	864	0	-0.54785
N239SfsTer392	15	0.48904	0.98592	1.0	585	1	1.4683	3.4799e-08	4.0346e-06	5.1e-05	78	11	1.4683
P142LfsTer7	13	0.49061	0.97935	1.0	586	3	-0.19903	0.35417	0.65069	1.0	583	2	-0.19903
L344Q	12	0.49067	0.97149	1.0	587	3	0.54974	0.020171	0.066729	0.26933	333	6	0.54974
Y103Ter	12	0.49079	0.97149	1.0	588	3	0.60103	0.030403	0.13796	0.490644	356	7	0.60103
C141Ter	14	0.49411	0.98427	1.0	589	4	-0.095815	0.99235	0.99844	1.0	1002	1	-0.095815
Y236N	6	0.49445	0.8513	1.0	590	2	0.11913	0.2011	0.30172	0.905166	497	3	0.11913
S227F	22	0.49474	0.99723	1.0	591	7	-0.06347	0.76312	0.96113	1.0	771	4	-0.06347
T125HfsTer24	30	0.495	0.99957	1.0	592	5	-0.12387	0.99836	0.99996	1.0	1039	3	-0.12387
P152_P152del	15	0.49564	0.98592	1.0	593	5	-0.1798	0.26296	0.59678	1.0	537	2	-0.1798
A138P	19	0.49871	0.99555	1.0	594	6	-0.15488	0.99902	0.99987	1.0	1048	1	-0.15488
Q144P	8	0.49985	0.92515	1.0	595	2	-0.33382	0.64939	0.80926	1.0	709	1	-0.33382
P151T	13	0.50985	0.97936	1.0	596	4	-0.32937	0.92286	0.98992	1.0	896	2	-0.32937
N310N	26	0.50994	0.99908	1.0	597	1	0.92094	1.2448e-06	6.0519e-05	0.000554	123	16	0.92094
A276V	26	0.5194	0.99908	1.0	598	8	-0.34673	0.80506	0.98098	1.0	794	2	-0.34673
E339Ter	30	0.51986	0.99957	1.0	599	8	-0.23708	0.34323	0.7799	1.0	578	8	-0.23708
V272L	28	0.52182	0.99923	1.0	600	6	0.037038	0.60408	0.93011	1.0	688	7	0.037038
Y236D	6	0.5223	0.88565	1.0	601	2	0.075669	0.1952	0.27103	0.831374	495	2	0.075669
Y236Ter	9	0.52268	0.94721	1.0	602	3	0.57738	0.072739	0.21218	0.681522	408	4	0.57738
A70A	18	0.52516	0.99403	1.0	603	4	0.27721	0.070819	0.26961	0.831173	406	6	0.27721
I50V	18	0.52629	0.99403	1.0	604	3	0.19488	0.24619	0.60938	1.0	525	7	0.19488
V225I	24	0.5272	0.99861	1.0	605	2	0.19026	0.11329	0.43568	1.0	435	10	0.19026
A161S	28	0.5281	0.99923	1.0	606	7	0.041796	0.85989	0.99134	1.0	827	5	0.041796
M40I	30	0.53174	0.99957	1.0	607	6	-0.16488	0.97677	0.9993	1.0	960	5	-0.16488
L252IfsTer390	17	0.5328	0.99185	1.0	608	5	-0.10509	0.26437	0.56238	1.0	538	5	-0.10509
P152HfsTer30	10	0.53401	0.9598	1.0	609	3	-0.11629	0.79848	0.92028	1.0	786	2	-0.11629
W91Ter	3	0.53647	0.66584	1.0	610	1	-0.42329	0.95361	0.93633	1.0	923	0	-0.42329
S215T	28	0.53707	0.9995	1.0	611	6	0.021764	0.7178	0.96274	1.0	749	7	0.021764
E68Ter	25	0.53941	0.99872	1.0	612	4	0.07841	0.23822	0.61899	1.0	520	7	0.07841
S90F	3	0.54012	0.66584	1.0	613	1	-0.44571	0.94492	0.93633	1.0	914	0	-0.44571
I162F	26	0.54474	0.99909	1.0	614	5	-0.13507	0.82911	0.98437	1.0	812	6	-0.13507
V218PfsTer392	30	0.54602	0.99958	1.0	615	8	-0.15696	0.99996	1.0	1.0	1101	1	-0.15696
T125M	30	0.54637	0.99958	1.0	616	7	-0.078354	0.99323	0.99981	1.0	1006	1	-0.078354
P8L	27	0.54954	0.99932	1.0	617	8	-0.35732	0.95904	0.99861	1.0	930	2	-0.35732
A74GfsTer50	26	0.5539	0.99909	1.0	618	8	0.092556	0.60272	0.90218	1.0	687	7	0.092556
L35SfsTer8	30	0.55393	0.99958	1.0	619	8	0.21296	0.013694	0.12816	0.458462	319	13	0.21296
E286V	27	0.55451	0.99932	1.0	620	6	0.15533	0.21009	0.64254	1.0	505	10	0.15533
L114CfsTer9	30	0.55766	0.99958	1.0	621	8	0.073419	0.54573	0.89071	1.0	665	9	0.073419
L111V	21	0.55873	0.99761	1.0	622	6	-0.27352	0.98632	0.99897	1.0	986	2	-0.27352
C124R	23	0.56076	0.99875	1.0	623	6	-0.23622	0.67357	0.94132	1.0	724	6	-0.23622
C141G	17	0.56095	0.99185	1.0	624	5	-0.067084	0.93479	0.99144	1.0	908	2	-0.067084
S378A	16	0.5614	0.99195	1.0	625	5	1.0207	0.0037593	0.031627	0.142673	270	9	1.0207
C242S	30	0.56199	0.99958	1.0	626	8	0.28148	0.0004447	0.011245	0.056778	227	15	0.28148
H214H	11	0.56307	0.97096	1.0	627	2	0.63232	0.030584	0.10655	0.39859	358	6	0.63232
P36L	30	0.56338	0.99958	1.0	628	9	0.19673	0.38445	0.80679	1.0	596	10	0.19673
M160IfsTer391	21	0.56565	0.99761	1.0	629	5	0.45242	0.030671	0.16097	0.551389	359	10	0.45242
H214QfsTer7	16	0.56606	0.99195	1.0	630	5	-0.11671	0.29279	0.66156	1.0	556	6	-0.11671
R158C	30	0.56747	0.99958	1.0	631	8	-0.023896	0.072168	0.3428	0.978183	407	7	-0.023896
K139N	17	0.56911	0.99185	1.0	632	5	-0.24461	0.99758	0.99954	1.0	1031	1	-0.24461
T125A	28	0.57306	0.9995	1.0	633	6	-0.12305	0.51981	0.86726	1.0	651	4	-0.12305
F341S	27	0.57873	0.99958	1.0	634	8	-0.14903	0.11687	0.47248	1.0	442	7	-0.14903
H168R	2	0.57913	0.63685	1.0	635	0	-0.12943	0.69603	0.78442	1.0	740	0	-0.12943
Y236C	6	0.58134	0.89345	1.0	636	2	-0.098172	0.11489	0.24429	0.759563	438	2	-0.098172
L188Q	30	0.58144	0.99967	1.0	637	8	-0.070004	0.98064	0.9995	1.0	966	4	-0.070004
Y220C	29	0.58254	0.99964	1.0	638	8	-0.21673	0.99997	1.0	1.0	1106	1	-0.21673
T125R	29	0.58388	0.99964	1.0	639	7	0.00083916	0.96431	0.99909	1.0	941	3	0.00083916
F109V	13	0.58706	0.98558	1.0	640	3	0.2616	0.8628	0.96515	1.0	832	1	0.2616
L111M	21	0.5879	0.99761	1.0	641	6	-0.12308	0.77338	0.97205	1.0	775	4	-0.12308
H214P	14	0.5919	0.98441	1.0	642	4	0.16045	0.15836	0.37467	1.0	472	6	0.16045
Y220H	29	0.59275	0.99964	1.0	643	8	-0.033265	0.60206	0.93154	1.0	686	4	-0.033265
V10V	27	0.5945	0.99958	1.0	644	7	-0.25091	0.90755	0.99607	1.0	880	5	-0.25091
K164Ter	8	0.59561	0.92516	1.0	645	2	0.062767	0.8327	0.93128	1.0	813	1	0.062767
K164E	8	0.59567	0.92516	1.0	646	1	-0.16703	0.97959	0.98363	1.0	964	0	-0.16703
R213HfsTer35	5	0.59574	0.8457	1.0	647	1	0.73417	0.078521	0.15593	0.542594	411	3	0.73417
V122DfsTer26	20	0.59921	0.99665	1.0	648	2	0.23023	0.51935	0.86363	1.0	650	6	0.23023
F212Y	11	0.59988	0.97159	1.0	649	3	0.92526	0.0027614	0.020008	0.096652	263	7	0.92526
P36SfsTer7	30	0.6025	0.99967	1.0	650	7	0.082504	0.86384	0.98942	1.0	834	7	0.082504
G105R	15	0.60357	0.98898	1.0	651	4	0.73261	0.00041196	0.0059592	0.032687	222	8	0.73261
F134F	14	0.60435	0.9887	1.0	652	2	1.1337	2.4556e-06	4.4381e-05	0.000443	131	9	1.1337
P152L	14	0.60586	0.9887	1.0	653	3	0.047291	0.12559	0.32288	0.95234	452	3	0.047291
P128S	30	0.60735	0.99967	1.0	654	5	0.087529	0.68239	0.95503	1.0	728	8	0.087529
T256_L257insE	24	0.6096	0.99901	1.0	655	5	-0.010739	0.94534	0.99789	1.0	915	4	-0.010739
K139Q	18	0.61174	0.99406	1.0	656	5	-0.25828	0.53551	0.81343	1.0	661	1	-0.25828
P219S	29	0.61304	0.99978	1.0	657	6	-0.071487	0.99993	1.0	1.0	1089	1	-0.071487
S127Y	30	0.6132	0.99985	1.0	658	7	0.13436	0.83467	0.98671	1.0	815	5	0.13436
C275F	21	0.61953	0.99766	1.0	659	6	-0.073098	0.10449	0.39685	1.0	430	6	-0.073098
D42N	30	0.62202	0.99985	1.0	660	7	0.084231	0.31783	0.77989	1.0	568	10	0.084231
D42Y	30	0.62394	0.99985	1.0	661	6	0.12152	0.33873	0.7799	1.0	577	10	0.12152
P80A	11	0.62398	0.97159	1.0	662	3	0.18529	0.11522	0.28372	0.861692	439	5	0.18529
G154RfsTer27	24	0.62465	0.99901	1.0	663	7	-0.19925	0.94583	0.99789	1.0	917	2	-0.19925
Y126H	30	0.62731	0.99985	1.0	664	6	0.44028	0.0032917	0.054092	0.225753	269	17	0.44028
T102T	12	0.62855	0.97862	1.0	665	1	1.0051	1.0119e-05	0.00012507	0.001066	154	7	1.0051
T118T	30	0.63213	0.99985	1.0	666	7	-0.2025	0.91287	0.9957	1.0	887	5	-0.2025
Y236H	6	0.63275	0.89345	1.0	667	1	-0.019286	0.24801	0.4287	1.0	526	1	-0.019286
R290_K290del	28	0.63297	0.99969	1.0	668	4	0.48716	0.032779	0.23818	0.745542	363	12	0.48716
R213Ter	11	0.63398	0.9716	1.0	669	2	0.61641	0.014216	0.075177	0.2966	321	7	0.61641
T102A	12	0.63682	0.97862	1.0	670	2	0.30992	0.0054784	0.026431	0.12238	289	5	0.30992
P219VfsTer30	28	0.64012	0.99975	1.0	671	8	-0.23784	0.99841	0.99991	1.0	1040	2	-0.23784
P34L	30	0.64015	0.99985	1.0	672	8	0.20467	0.0039286	0.063065	0.258498	274	11	0.20467
Y163Ter	8	0.64351	0.94379	1.0	673	2	-0.32756	0.96158	0.97477	1.0	933	0	-0.32756
G105AfsTer18	15	0.64566	0.9922	1.0	674	3	0.7821	0.0010588	0.0079765	0.042739	241	9	0.7821
K382K	3	0.6487	0.74543	1.0	675	1	-0.071992	0.77617	0.78587	1.0	776	0	-0.071992
P128A	30	0.6507	0.99986	1.0	676	4	-0.11685	0.49212	0.88573	1.0	641	9	-0.11685
A138V	19	0.65418	0.99558	1.0	677	4	-0.061149	0.99919	0.99987	1.0	1053	0	-0.061149
C229YfsTer10	25	0.65458	0.99933	1.0	678	7	-0.13545	0.89151	0.99155	1.0	859	5	-0.13545
T118QfsTer5	30	0.6568	0.99986	1.0	679	5	-0.029342	0.75858	0.96698	1.0	769	5	-0.029342
V218M	30	0.65734	0.99986	1.0	680	8	-0.18174	0.92319	0.99645	1.0	898	3	-0.18174
E286A	27	0.65769	0.99969	1.0	681	5	-0.010265	0.72274	0.96063	1.0	753	5	-0.010265
E28V	15	0.66499	0.99221	1.0	682	4	-0.019779	0.46494	0.81147	1.0	631	4	-0.019779
E62E	24	0.66647	0.99902	1.0	683	4	0.54287	0.0044601	0.039519	0.173179	283	14	0.54287
C242G	21	0.67102	0.99767	1.0	684	5	0.84014	0.00010339	0.0022796	0.014644	189	12	0.84014
S241P	18	0.67251	0.99576	1.0	685	3	0.96379	3.9228e-06	8.4727e-05	0.000748	139	11	0.96379
P223T	30	0.67402	0.99986	1.0	686	4	-0.025779	0.70686	0.95504	1.0	745	8	-0.025779
P190R	30	0.67675	0.99986	1.0	687	4	-0.003238	0.48616	0.88573	1.0	639	9	-0.003238
K373RfsTer392	7	0.67741	0.92744	1.0	688	2	0.52557	0.17935	0.374	1.0	487	3	0.52557
T125K	29	0.67803	0.99984	1.0	689	5	-0.057758	0.9937	0.99984	1.0	1007	3	-0.057758
D228VfsTer12	22	0.67882	0.99811	1.0	690	6	-0.20549	0.89806	0.99133	1.0	868	3	-0.20549
D228VfsTer20	23	0.68321	0.99876	1.0	691	6	0.10729	0.4865	0.8579	1.0	640	7	0.10729
K101Ter	28	0.68415	0.99975	1.0	692	1	0.7661	6.1813e-05	0.0032882	0.020073	181	16	0.7661
Y126S	30	0.68526	0.99987	1.0	693	7	0.15737	0.039957	0.23394	0.736012	377	13	0.15737
R273P	29	0.6853	0.99984	1.0	694	8	-0.065556	0.96306	0.99894	1.0	939	5	-0.065556
S215I	28	0.68548	0.99975	1.0	695	4	-0.0093243	0.33638	0.73853	1.0	574	10	-0.0093243
I254I	30	0.6872	0.99987	1.0	696	6	0.013745	0.3801	0.80679	1.0	593	8	0.013745
R342P	27	0.68736	0.99969	1.0	697	7	-0.1402	0.10649	0.47248	1.0	433	6	-0.1402
E224D	30	0.68755	0.99987	1.0	698	7	-0.11096	0.92735	0.99645	1.0	902	4	-0.11096
K139RfsTer31	15	0.68806	0.99269	1.0	699	2	0.3971	0.035679	0.17368	0.588685	370	8	0.3971
R156P	19	0.68818	0.9968	1.0	700	5	-0.1798	0.41165	0.75001	1.0	605	1	-0.1798
C124Ter	28	0.68821	0.99975	1.0	701	7	-0.14486	0.99933	0.99998	1.0	1056	2	-0.14486
L35SfsTer10	30	0.69091	0.99987	1.0	702	5	0.029387	0.070246	0.33168	0.957589	405	13	0.029387
P142P	18	0.69108	0.99706	1.0	703	4	-0.084095	0.94656	0.99451	1.0	918	2	-0.084095
P222P	30	0.69218	0.99987	1.0	704	6	0.034576	0.13973	0.49467	1.0	459	9	0.034576
V157L	30	0.69472	0.99987	1.0	705	7	-0.050613	0.36755	0.80679	1.0	586	5	-0.050613
V216L	29	0.69622	0.99984	1.0	706	6	0.085742	0.25097	0.65403	1.0	529	11	0.085742
L289V	27	0.70007	0.99969	1.0	707	6	0.2093	0.09562	0.39943	1.0	425	10	0.2093
S215N	28	0.70418	0.99975	1.0	708	4	-0.015316	0.89969	0.99389	1.0	871	6	-0.015316
L114FfsTer35	29	0.70465	0.99984	1.0	709	7	-0.1475	0.91053	0.99455	1.0	883	6	-0.1475
S227Ter	22	0.70845	0.99812	1.0	710	5	0.047619	0.68866	0.9333	1.0	734	6	0.047619
A70V	23	0.70948	0.9988	1.0	711	5	0.27692	0.16223	0.49099	1.0	474	8	0.27692
L111SfsTer38	19	0.71021	0.99772	1.0	712	5	0.21724	0.45891	0.82875	1.0	627	5	0.21724
P222L	30	0.71281	0.99987	1.0	713	8	0.091167	0.24442	0.66061	1.0	523	8	0.091167
V218L	29	0.71328	0.99984	1.0	714	6	-0.10594	0.99026	0.99975	1.0	997	2	-0.10594
P151A	12	0.71359	0.97916	1.0	715	2	-0.27886	0.42012	0.68968	1.0	610	2	-0.27886
C275LfsTer31	12	0.71433	0.97916	1.0	716	2	-0.23466	0.14871	0.36204	1.0	467	4	-0.23466
S116F	30	0.7163	0.99987	1.0	717	2	0.27591	0.65101	0.95503	1.0	712	8	0.27591
Q144H	5	0.72106	0.84571	1.0	718	1	0.018559	0.91496	0.9226	1.0	888	0	0.018559
L111Q	21	0.72124	0.99836	1.0	719	4	-0.12196	0.67173	0.91589	1.0	723	6	-0.12196
N239Y	12	0.72542	0.98152	1.0	720	1	1.647	9.2608e-06	0.000117	0.001011	152	9	1.647
R342Ter	27	0.73282	0.99971	1.0	721	6	0.082691	0.11435	0.47248	1.0	437	6	0.082691
Y103TfsTer20	15	0.73441	0.99269	1.0	722	2	1.2804	1.2463e-09	4.0346e-06	5.1e-05	48	11	1.2804
Q136PfsTer13	6	0.74118	0.89346	1.0	723	1	0.46398	0.004527	0.010954	0.056002	285	3	0.46398
V143E	16	0.74446	0.99501	1.0	724	3	-0.058683	0.20491	0.47285	1.0	501	2	-0.058683
K120Q	30	0.74659	0.99987	1.0	725	7	0.087265	0.054113	0.33168	0.957589	393	9	0.087265
H115SfsTer34	28	0.74709	0.99975	1.0	726	7	-0.086102	0.96554	0.99879	1.0	943	4	-0.086102
V143G	16	0.74779	0.99501	1.0	727	4	-0.24897	0.28229	0.66155	1.0	546	1	-0.24897
V10I	25	0.75037	0.99933	1.0	728	6	-0.2153	0.99669	0.99988	1.0	1021	2	-0.2153
P34P	30	0.75109	0.99987	1.0	729	7	0.036525	0.0061083	0.074935	0.296599	292	13	0.036525
K120R	30	0.75123	0.99987	1.0	730	7	0.032272	0.1233	0.49204	1.0	447	9	0.032272
K120E	30	0.75476	0.99987	1.0	731	7	0.037517	0.090707	0.39453	1.0	422	11	0.037517
Q38Q	30	0.75646	0.99987	1.0	732	5	0.43382	0.005694	0.074532	0.296599	290	16	0.43382
K164Q	8	0.76076	0.95197	1.0	733	1	-0.12453	0.967	0.98362	1.0	946	0	-0.12453
R342VfsTer11	3	0.76147	0.78295	1.0	734	0	-0.18722	0.89828	0.91917	1.0	869	0	-0.18722
E271K	29	0.7618	0.99985	1.0	735	7	0.021805	0.52135	0.88101	1.0	652	9	0.021805
M237L	9	0.76329	0.96303	1.0	736	1	1.3709	0.00028292	0.0026427	0.01651	213	6	1.3709
S15I	10	0.76521	0.97344	1.0	737	1	0.71408	0.042913	0.16143	0.551389	380	6	0.71408
G117V	30	0.76523	0.99987	1.0	738	5	0.029859	0.8636	0.98942	1.0	833	6	0.029859
E287D	27	0.7654	0.99971	1.0	739	4	0.24444	0.17606	0.51289	1.0	485	10	0.24444
C141R	17	0.7694	0.99599	1.0	740	4	-0.018913	0.86112	0.97847	1.0	828	3	-0.018913
P309L	27	0.77059	0.99971	1.0	741	6	0.76775	4.3661e-05	0.0020617	0.013456	174	17	0.76775
E221Ter	30	0.77264	0.99987	1.0	742	5	0.009458	0.8669	0.98943	1.0	835	7	0.009458
S241F	21	0.77524	0.99899	1.0	743	4	0.38784	1.1054e-06	6.0519e-05	0.000554	120	10	0.38784
F109VfsTer40	13	0.78022	0.98772	1.0	744	2	0.016961	0.99306	0.99752	1.0	1003	0	0.016961
T284RfsTer21	26	0.78188	0.99961	1.0	745	4	0.30797	0.4677	0.84953	1.0	632	8	0.30797
K120Ter	30	0.78347	0.99987	1.0	746	7	0.33017	0.18381	0.58327	1.0	490	11	0.33017
A189P	30	0.78391	0.99987	1.0	747	6	0.0037945	0.84571	0.98921	1.0	820	7	0.0037945
H296Y	28	0.78472	0.99975	1.0	748	4	0.28534	0.078995	0.38609	1.0	412	11	0.28534
E343Ter	24	0.78811	0.99937	1.0	749	6	-0.024125	0.21382	0.62585	1.0	509	8	-0.024125
S215R	28	0.79223	0.99976	1.0	750	6	-0.088792	0.80245	0.97827	1.0	791	6	-0.088792
C229Y	25	0.79487	0.99937	1.0	751	6	-0.02417	0.89833	0.99156	1.0	870	4	-0.02417
I255TfsTer90	3	0.79564	0.78296	1.0	752	0	-0.18366	0.81641	0.84866	1.0	802	0	-0.18366
L35Ter	30	0.79709	0.99987	1.0	753	7	0.054441	0.11759	0.49203	1.0	443	11	0.054441
T125P	29	0.79721	0.99985	1.0	754	7	-0.15222	0.99455	0.99996	1.0	1009	2	-0.15222
F109L	13	0.79725	0.99162	1.0	755	2	0.23216	0.43038	0.73456	1.0	618	4	0.23216
P190L	30	0.79854	0.99987	1.0	756	6	0.018961	0.24041	0.66061	1.0	521	9	0.018961
E271Q	29	0.80595	0.99985	1.0	757	6	0.18666	0.48145	0.86023	1.0	635	9	0.18666
E271_V272insQL*	15	0.80636	0.99302	1.0	758	3	0.20889	0.0071406	0.040512	0.176897	296	6	0.20889
E286G	27	0.80643	0.99971	1.0	759	5	-0.049164	0.95233	0.99855	1.0	921	4	-0.049164
N310Y	27	0.80816	0.99971	1.0	760	5	0.49163	0.00037731	0.0078635	0.042318	220	13	0.49163
L344R	12	0.80942	0.98719	1.0	761	2	0.32093	0.02276	0.073079	0.292079	342	5	0.32093
D228VfsTer18	24	0.81059	0.9996	1.0	762	2	0.40395	0.013878	0.094503	0.362361	320	13	0.40395
K164SfsTer6	6	0.81115	0.89346	1.0	763	1	-0.067468	0.79829	0.87552	1.0	785	1	-0.067468
C242C	21	0.81179	0.999	1.0	764	4	0.27259	0.00042101	0.0084203	0.044726	224	10	0.27259
L114Ter	30	0.81187	0.99987	1.0	765	7	0.17008	0.5191	0.88574	1.0	649	9	0.17008
E224A	29	0.81478	0.99986	1.0	766	7	0.028103	0.38557	0.77664	1.0	597	9	0.028103
F109Y	13	0.82064	0.99162	1.0	767	2	0.31992	0.51425	0.81689	1.0	646	4	0.31992
C141W	14	0.82331	0.99444	1.0	768	3	-0.07429	0.98432	0.99471	1.0	979	1	-0.07429
F113_L114insS	3	0.82438	0.81761	1.0	769	0	0.36568	0.52944	0.62543	1.0	659	1	0.36568
Q165Ter	6	0.82454	0.89346	1.0	770	1	0.13534	0.74301	0.85465	1.0	761	1	0.13534
E349Ter	30	0.82696	0.99987	1.0	771	6	0.16901	0.16334	0.53804	1.0	477	11	0.16901
F134L	13	0.82736	0.99162	1.0	772	2	1.2327	4.3778e-06	6.0519e-05	0.000554	140	11	1.2327
L111R	21	0.82746	0.999	1.0	773	3	-0.060568	0.66042	0.91589	1.0	716	3	-0.060568
S240R	18	0.8285	0.99742	1.0	774	2	1.441	2.6285e-08	4.0346e-06	5.1e-05	75	12	1.441
T211A	12	0.82866	0.9872	1.0	775	1	0.8999	0.000177	0.0017793	0.011801	202	10	0.8999
R213P	11	0.83478	0.983	1.0	776	2	0.6234	0.042965	0.12686	0.458462	381	6	0.6234
S127F	30	0.83944	0.99987	1.0	777	5	-0.013633	0.61245	0.92601	1.0	692	5	-0.013633
W146G	15	0.84198	0.99573	1.0	778	3	-0.16944	0.99502	0.99883	1.0	1013	1	-0.16944
V217G	29	0.84272	0.99986	1.0	779	6	-0.025198	0.70283	0.94454	1.0	742	8	-0.025198
Q144GfsTer2	5	0.84557	0.89908	1.0	780	0	0.037832	0.3526	0.48564	1.0	582	2	0.037832
E286Ter	27	0.84691	0.99992	1.0	781	5	0.16688	0.1717	0.51288	1.0	483	8	0.16688
P128L	30	0.84704	0.99987	1.0	782	6	0.050031	0.86841	0.98943	1.0	838	6	0.050031
R110LfsTer14	12	0.84707	0.9872	1.0	783	1	0.29943	0.28759	0.55782	1.0	550	5	0.29943
I195L	24	0.84927	0.99961	1.0	784	1	0.7941	9.6669e-09	4.0346e-06	5.1e-05	66	21	0.7941
E221K	30	0.85112	0.99987	1.0	785	6	0.059799	0.80407	0.98131	1.0	793	4	0.059799
H115Y	30	0.85144	0.99987	1.0	786	5	0.37578	0.093706	0.39454	1.0	424	12	0.37578
A119G	30	0.8522	0.99987	1.0	787	5	0.19845	0.45121	0.84826	1.0	624	10	0.19845
V218CfsTer29	30	0.85363	0.99987	1.0	788	7	-0.010346	0.98757	0.99976	1.0	989	3	-0.010346
I50T	18	0.8538	0.99743	1.0	789	2	0.0072363	0.78609	0.96847	1.0	780	4	0.0072363
Q144GfsTer24	3	0.85495	0.81761	1.0	790	0	0.38575	0.19902	0.34549	0.97902	496	2	0.38575
D48Ter	30	0.86016	0.99997	1.0	791	6	0.12763	0.61661	0.92601	1.0	697	7	0.12763
R213Q	11	0.86051	0.98301	1.0	792	1	0.88567	0.01065	0.035049	0.155253	312	6	0.88567
S116C	30	0.8642	0.99997	1.0	793	6	-0.10048	0.99704	0.99995	1.0	1024	3	-0.10048
V272E	29	0.86552	0.99992	1.0	794	5	0.0905	0.59532	0.93154	1.0	685	8	0.0905
V218E	29	0.86668	0.99992	1.0	795	6	-0.11143	0.83412	0.98362	1.0	814	6	-0.11143
E286E	27	0.86795	0.99992	1.0	796	6	-0.11707	0.6436	0.91445	1.0	704	5	-0.11707
E346Ter	30	0.87069	0.99997	1.0	797	2	0.71874	4.9033e-09	4.0346e-06	5.1e-05	58	25	0.71874
L111P	21	0.87125	0.999	1.0	798	4	-0.29521	0.90188	0.99285	1.0	874	3	-0.29521
N131D	10	0.87176	0.97858	1.0	799	1	0.27595	0.82864	0.95158	1.0	811	1	0.27595
Q136Ter	5	0.87299	0.89909	1.0	800	0	0.37233	0.033396	0.099853	0.379318	366	2	0.37233
D228H	23	0.87397	0.99959	1.0	801	3	0.12837	0.44882	0.80724	1.0	623	7	0.12837
G266R	2	0.87567	0.83853	1.0	802	0	0.64236	0.4425	0.47364	1.0	621	1	0.64236
Q375K	13	0.87591	0.99163	1.0	803	2	0.53068	0.1633	0.43883	1.0	475	5	0.53068
G108VfsTer15	13	0.87655	0.99163	1.0	804	2	0.072067	0.73222	0.92288	1.0	759	3	0.072067
S127T	30	0.878	0.99997	1.0	805	6	-0.056217	0.56792	0.9079	1.0	671	6	-0.056217
E271Ter	30	0.88045	0.99997	1.0	806	6	0.27021	0.18351	0.58327	1.0	489	12	0.27021
G105D	15	0.8814	0.99615	1.0	807	2	0.4193	0.0075936	0.042093	0.182504	299	7	0.4193
F109GfsTer15	13	0.88573	0.99163	1.0	808	1	0.040263	0.86991	0.96515	1.0	841	2	0.040263
E294Q	29	0.88621	0.99993	1.0	809	4	0.28711	0.060016	0.31672	0.938693	400	13	0.28711
D49N	18	0.8878	0.99857	1.0	810	1	0.34946	0.2075	0.53892	1.0	503	6	0.34946
P219Ter	28	0.88789	0.9999	1.0	811	5	0.010145	0.89312	0.99268	1.0	861	6	0.010145
F134C	15	0.88854	0.99615	1.0	812	2	0.61725	0.00021114	0.0021747	0.014044	205	8	0.61725
F54F	30	0.8892	0.99997	1.0	813	4	0.57459	5.1246e-05	0.0014807	0.010038	178	19	0.57459
K291Ter	27	0.88961	0.99992	1.0	814	4	0.25089	0.022249	0.18325	0.616018	338	11	0.25089
P190S	30	0.89039	0.99997	1.0	815	6	-0.022403	0.13861	0.49467	1.0	458	7	-0.022403
R213DfsTer34	11	0.89127	0.98593	1.0	816	2	0.93901	0.00094129	0.0050957	0.029217	239	8	0.93901
F134S	14	0.89158	0.99445	1.0	817	1	1.4942	1.2162e-07	4.0346e-06	5.1e-05	91	9	1.4942
C242AfsTer5	18	0.89173	0.99858	1.0	818	2	1.156	1.4432e-10	4.0346e-06	5.1e-05	37	12	1.156
E224K	30	0.89289	0.99997	1.0	819	6	0.24184	0.14749	0.49467	1.0	466	12	0.24184
Y107H	15	0.89417	0.99615	1.0	820	2	-0.02421	0.83552	0.97762	1.0	817	3	-0.02421
A347T	30	0.89453	0.99997	1.0	821	1	0.62114	8.2783e-06	0.00029453	0.002204	149	21	0.62114
V218V	30	0.89484	0.99997	1.0	822	6	0.052958	0.82479	0.98671	1.0	807	7	0.052958
E285Ter	24	0.89603	0.99962	1.0	823	1	0.041476	0.28382	0.67075	1.0	547	4	0.041476
G105V	15	0.89679	0.99615	1.0	824	2	0.14906	0.00018951	0.0015453	0.010418	203	6	0.14906
Q104Ter	12	0.90218	0.98794	1.0	825	2	0.53455	0.00038358	0.0026508	0.01651	221	6	0.53455
G105A	15	0.90265	0.99615	1.0	826	2	0.76403	0.00044241	0.0059592	0.032687	226	8	0.76403
L348W	30	0.90317	0.99997	1.0	827	6	0.30803	0.01569	0.12816	0.458462	325	15	0.30803
I254TfsTer91	18	0.90435	0.99859	1.0	828	2	0.078554	0.087076	0.31102	0.92404	417	5	0.078554
K351Ter	26	0.90497	0.99987	1.0	829	4	0.075264	0.6404	0.93672	1.0	703	7	0.075264
E56KfsTer67	30	0.90681	0.99997	1.0	830	5	0.34589	0.038579	0.23226	0.73261	373	13	0.34589
E388K	12	0.90749	0.99032	1.0	831	2	0.22331	0.25331	0.55782	1.0	530	5	0.22331
G374G	12	0.90955	0.99032	1.0	832	1	0.75221	0.043552	0.15653	0.542594	382	7	0.75221
D259N	18	0.91096	0.9986	1.0	833	1	1.4934	1.3873e-08	4.0346e-06	5.1e-05	69	15	1.4934
Q38Ter	30	0.91098	0.99997	1.0	834	6	0.08965	0.20654	0.65794	1.0	502	11	0.08965
D48RfsTer4	30	0.91114	0.99997	1.0	835	5	-0.052608	0.52377	0.88574	1.0	654	8	-0.052608
L289I	29	0.91236	0.99993	1.0	836	1	0.4658	0.0012279	0.023687	0.110511	243	13	0.4658
T18HfsTer26	10	0.91279	0.97859	1.0	837	1	0.62829	0.039386	0.14601	0.517785	375	6	0.62829
V217E	30	0.9145	0.99997	1.0	838	3	0.013947	0.54868	0.89724	1.0	666	9	0.013947
S127P	29	0.91513	0.99993	1.0	839	2	0.43821	0.059062	0.2822	0.859212	398	13	0.43821
L43F	30	0.91521	0.99997	1.0	840	3	0.22219	0.057922	0.33168	0.957589	396	12	0.22219
T18T	8	0.91687	0.96249	1.0	841	1	0.8607	0.011247	0.045111	0.192862	313	6	0.8607
Q100RfsTer23	27	0.91696	0.99992	1.0	842	1	1.1467	4.1327e-07	2.8242e-05	0.000296	108	21	1.1467
M237K	9	0.91722	0.9677	1.0	843	1	1.1833	0.00051825	0.0035464	0.021124	230	6	1.1833
F134V	14	0.91722	0.99445	1.0	844	2	0.44267	0.00071622	0.0058462	0.032687	236	7	0.44267
Y220EfsTer389	24	0.91781	0.99962	1.0	845	3	-0.079518	0.96427	0.9979	1.0	940	4	-0.079518
H214L	13	0.9182	0.99222	1.0	846	1	0.56198	0.042318	0.16178	0.551389	378	7	0.56198
P151_P152insHT	11	0.91837	0.98593	1.0	847	1	0.39589	0.29463	0.54487	1.0	557	3	0.39589
C141F	16	0.92018	0.99749	1.0	848	2	-0.18112	0.059112	0.25291	0.781667	399	2	-0.18112
E285V	26	0.92563	0.9999	1.0	849	5	0.068078	0.72531	0.95736	1.0	756	6	0.068078
Q375Ter	13	0.92596	0.99381	1.0	850	2	1.3458	0.00036108	0.0050554	0.029122	219	10	1.3458
D48LfsTer80	27	0.92796	0.99992	1.0	851	3	0.32786	0.16332	0.50934	1.0	476	11	0.32786
L137V	18	0.92841	0.99878	1.0	852	3	-0.12991	0.98269	0.99879	1.0	972	2	-0.12991
L93V	3	0.92865	0.89826	1.0	853	0	0.4489	0.2131	0.34549	0.97902	508	1	0.4489
E326E	28	0.93098	0.99991	1.0	854	1	1.0349	1.9262e-08	4.0346e-06	5.1e-05	71	22	1.0349
R110L	19	0.93116	0.99892	1.0	855	3	0.23078	0.52806	0.83654	1.0	658	6	0.23078
P8S	28	0.93297	0.99991	1.0	856	4	0.11158	0.68348	0.93153	1.0	730	8	0.11158
I50I	18	0.93318	0.99878	1.0	857	1	0.46295	0.066337	0.24514	0.759563	402	9	0.46295
E287Ter	26	0.93319	0.9999	1.0	858	1	0.42768	0.14623	0.46088	1.0	464	11	0.42768
K291Q	27	0.93543	0.99992	1.0	859	2	0.71947	0.00136	0.022888	0.108433	248	15	0.71947
G117A	30	0.93558	0.99998	1.0	860	5	0.15657	0.65553	0.95503	1.0	715	7	0.15657
C238C	9	0.93802	0.97581	1.0	861	1	1.9604	6.7782e-06	5.245e-05	0.000511	146	7	1.9604
E224Ter	30	0.93919	0.99998	1.0	862	5	0.27816	0.11838	0.49203	1.0	444	11	0.27816
P36_S36del	30	0.93925	0.99998	1.0	863	5	0.4468	0.020495	0.15743	0.542594	334	15	0.4468
L350L	18	0.94181	0.99878	1.0	864	2	0.38185	0.088291	0.31103	0.92404	420	8	0.38185
V157A	30	0.94311	0.99998	1.0	865	5	0.05556	0.38752	0.80679	1.0	600	7	0.05556
T123DfsTer26	17	0.94314	0.99819	1.0	866	2	-0.071487	0.87126	0.97847	1.0	843	3	-0.071487
V274F	24	0.94321	0.99962	1.0	867	3	0.16844	0.86184	0.98862	1.0	830	5	0.16844
L137Q	20	0.9463	0.99938	1.0	868	3	-0.011836	0.025513	0.12347	0.450893	346	5	-0.011836
P278RfsTer72	3	0.94653	0.93618	1.0	869	0	0.76259	0.19062	0.34549	0.97902	493	2	0.76259
C238R	9	0.95074	0.97582	1.0	870	1	1.2413	0.0053054	0.02355	0.11029	287	6	1.2413
H115RfsTer34	28	0.95193	0.99991	1.0	871	4	-0.088748	0.99872	0.99996	1.0	1043	2	-0.088748
G187VfsTer60	30	0.95263	0.99998	1.0	872	1	0.20216	0.54381	0.89071	1.0	663	9	0.20216
S241T	18	0.95387	0.99879	1.0	873	1	1.0264	2.1155e-07	1.2104e-05	0.000138	101	11	1.0264
S94Ter	18	0.9553	0.99879	1.0	874	2	0.72474	0.015605	0.097594	0.373045	324	10	0.72474
P223L	30	0.9554	0.99998	1.0	875	1	0.18268	0.5271	0.88574	1.0	657	6	0.18268
V216M	28	0.95581	0.99992	1.0	876	4	-0.067455	0.89776	0.99268	1.0	866	6	-0.067455
L114SfsTer36	21	0.95623	0.99949	1.0	877	3	0.31561	0.075702	0.30723	0.917191	409	8	0.31561
K320N	15	0.95723	0.99641	1.0	878	2	1.2056	8.3948e-06	0.00018156	0.001475	150	11	1.2056
F54S	30	0.95797	0.99998	1.0	879	2	0.49055	0.0030305	0.054084	0.225753	266	17	0.49055
V217A	29	0.95895	0.99994	1.0	880	3	-0.079564	0.90455	0.99455	1.0	878	6	-0.079564
G105C	15	0.95906	0.99722	1.0	881	1	0.17198	0.001688	0.01118	0.056778	255	7	0.17198
Q38_A38del	30	0.95909	0.99998	1.0	882	5	0.1743	0.037008	0.23226	0.73261	372	13	0.1743
P316LfsTer21	18	0.96184	0.99879	1.0	883	2	0.43115	0.27647	0.62888	1.0	543	7	0.43115
E294SfsTer51	60	0.96278	1.0	1.0	884	5	0.48266	3.3479e-05	0.0067903	0.036866	171	34	0.48266
D48H	30	0.963	0.99998	1.0	885	4	0.23434	0.08376	0.37859	1.0	416	12	0.23434
E285K	25	0.96304	0.9999	1.0	886	3	0.1995	0.29529	0.7173	1.0	558	8	0.1995
Y107TfsTer16	15	0.9638	0.99722	1.0	887	2	-0.21442	0.88159	0.98044	1.0	852	2	-0.21442
M384I	6	0.9639	0.95411	1.0	888	0	0.84794	0.0075639	0.020726	0.099728	298	5	0.84794
L130SfsTer40	9	0.96411	0.98395	1.0	889	0	0.098	0.32553	0.56599	1.0	570	3	0.098
P190LfsTer57	30	0.96411	0.99998	1.0	890	5	0.0051749	0.27671	0.67027	1.0	544	9	0.0051749
V143M	16	0.9663	0.99766	1.0	891	2	-0.031332	0.29831	0.66156	1.0	561	5	-0.031332
C135R	15	0.96667	0.99722	1.0	892	2	1.3091	5.7079e-09	4.0346e-06	5.1e-05	60	11	1.3091
R209T	18	0.96704	0.99879	1.0	893	1	0.88526	6.4e-06	0.00014121	0.001195	145	15	0.88526
A347D	30	0.96719	0.99998	1.0	894	4	0.37474	0.0081454	0.11251	0.412103	304	15	0.37474
R110LfsTer13	18	0.96858	0.99879	1.0	895	2	-0.057967	0.99605	0.9991	1.0	1018	1	-0.057967
Y103C	12	0.96936	0.99033	1.0	896	1	0.41928	0.087969	0.28553	0.864886	419	6	0.41928
E11K	27	0.96957	0.99998	1.0	897	4	-0.16326	0.97252	0.99937	1.0	955	4	-0.16326
P47RfsTer76	30	0.97034	0.99998	1.0	898	4	-0.065358	0.22363	0.65795	1.0	516	5	-0.065358
R110FfsTer33	3	0.97062	0.95107	1.0	899	0	0.84073	0.029375	0.068246	0.27455	353	3	0.84073
P58P	29	0.97129	0.99996	1.0	900	2	0.61801	0.00012472	0.0055234	0.031277	194	17	0.61801
S106RfsTer16	15	0.97271	0.99722	1.0	901	1	0.7861	0.0097083	0.077711	0.304637	308	8	0.7861
R65Ter	23	0.97339	0.99983	1.0	902	2	0.50433	0.0076393	0.065914	0.267802	300	12	0.50433
S95C	27	0.97358	0.99998	1.0	903	2	0.86194	8.8302e-05	0.0026023	0.016459	186	17	0.86194
S46Y	30	0.97389	1.0	1.0	904	5	0.12801	0.31628	0.77989	1.0	567	10	0.12801
E51NfsTer72	12	0.97405	0.99033	1.0	905	1	0.19683	0.9211	0.98598	1.0	895	2	0.19683
C135AfsTer35	10	0.97434	0.98948	1.0	906	0	1.9199	9.0754e-06	9.2797e-05	0.000813	151	6	1.9199
P190P	30	0.97451	1.0	1.0	907	4	-0.038099	0.39647	0.80679	1.0	602	7	-0.038099
N131Y	10	0.9747	0.98948	1.0	908	0	0.21967	0.2093	0.38786	1.0	504	4	0.21967
C135G	14	0.97595	0.99617	1.0	909	1	1.025	2.7078e-07	4.0346e-06	5.1e-05	103	9	1.025
L348Ter	30	0.97689	1.0	1.0	910	2	0.19224	0.0014718	0.026899	0.122387	250	9	0.19224
S46S	30	0.97785	1.0	1.0	911	4	0.27091	0.30109	0.72312	1.0	562	11	0.27091
Q144Ter	8	0.97788	0.98298	1.0	912	0	-0.12648	0.76912	0.92098	1.0	774	1	-0.12648
Y126N	30	0.97857	1.0	1.0	913	4	0.44106	0.017986	0.14883	0.526279	327	15	0.44106
P222RfsTer25	30	0.97908	1.0	1.0	914	4	0.19363	0.21533	0.65794	1.0	511	10	0.19363
S106R	15	0.97912	0.99723	1.0	915	1	-0.012076	0.25429	0.59678	1.0	532	5	-0.012076
P191H	29	0.97915	0.99997	1.0	916	2	0.10474	0.38703	0.77664	1.0	598	9	0.10474
N239I	12	0.97918	0.9931	1.0	917	1	1.8001	2.4379e-08	4.0346e-06	5.1e-05	74	10	1.8001
V122V	17	0.9794	0.99887	1.0	918	2	0.10276	0.684	0.91373	1.0	731	4	0.10276
E287Q	27	0.97951	0.99999	1.0	919	4	0.53248	0.076742	0.33395	0.959619	410	12	0.53248
E286K	27	0.98027	0.99999	1.0	920	3	0.31766	0.079768	0.33395	0.959619	413	9	0.31766
L130L	10	0.98188	0.98949	1.0	921	0	0.39354	0.13816	0.34872	0.981368	457	4	0.39354
R110P	19	0.982	0.9992	1.0	922	2	0.092451	0.82687	0.9769	1.0	809	4	0.092451
D49V	15	0.98235	0.99723	1.0	923	1	0.39986	0.10464	0.35408	0.991896	431	7	0.39986
E271VfsTer75	29	0.98254	0.99997	1.0	924	3	0.31984	0.029454	0.1932	0.645925	354	14	0.31984
H193P	27	0.98265	0.99999	1.0	925	2	0.71062	0.00010322	0.0026508	0.01651	188	17	0.71062
Q317_P317del	27	0.98273	0.99999	1.0	926	1	0.88105	2.2677e-05	0.00098042	0.006954	166	19	0.88105
N131S	5	0.98341	0.96887	1.0	927	0	0.60872	0.17904	0.30564	0.91467	486	2	0.60872
Y126Ter	30	0.98341	1.0	1.0	928	4	0.26246	0.18186	0.58327	1.0	488	12	0.26246
N239T	12	0.98421	0.99584	1.0	929	1	1.9712	1.9182e-09	4.0346e-06	5.1e-05	53	11	1.9712
R213LfsTer3	5	0.98426	0.97792	1.0	930	0	0.78587	0.019794	0.027569	0.124822	331	4	0.78587
P58QfsTer65	30	0.98472	1.0	1.0	931	1	0.55865	0.002328	0.03333	0.148174	259	17	0.55865
Q317AfsTer19	21	0.98508	0.99961	1.0	932	2	0.80517	0.0023591	0.026923	0.122387	260	13	0.80517
L194I	21	0.98508	0.99961	1.0	933	1	0.90049	9.4695e-07	4.4381e-05	0.000443	118	16	0.90049
H380IfsTer392	9	0.98521	0.99036	1.0	934	0	1.3623	0.0045088	0.023542	0.11029	284	5	1.3623
Y107C	15	0.98554	0.99723	1.0	935	1	0.44076	0.051728	0.20058	0.654889	390	8	0.44076
T125SfsTer46	28	0.98567	0.99996	1.0	936	4	0.13522	0.89725	0.99268	1.0	865	6	0.13522
S313AfsTer32	15	0.98586	0.99723	1.0	937	1	0.27848	0.73597	0.93774	1.0	760	4	0.27848
F109C	13	0.9871	0.9956	1.0	938	1	0.3683	0.18621	0.45121	1.0	491	6	0.3683
E294Ter	28	0.98715	0.99996	1.0	939	3	0.40063	0.025682	0.1796	0.607083	347	14	0.40063
P60QfsTer63	29	0.98742	0.99998	1.0	940	2	0.69814	0.00010397	0.0031833	0.01953	190	19	0.69814
Q136H	18	0.98762	0.99921	1.0	941	2	-0.12681	0.099296	0.40602	1.0	429	2	-0.12681
Q317Ter	30	0.98762	1.0	1.0	942	2	0.51146	0.032743	0.23225	0.73261	362	14	0.51146
P47R	30	0.98798	1.0	1.0	943	4	0.16845	0.052786	0.33168	0.957589	391	11	0.16845
L289F	29	0.98852	0.99998	1.0	944	4	0.7179	0.00111	0.019443	0.094668	242	16	0.7179
R273C	28	0.98869	0.99996	1.0	945	1	-0.069991	0.42444	0.83329	1.0	614	8	-0.069991
K120N	30	0.98897	1.0	1.0	946	4	0.07205	0.082614	0.37624	1.0	415	12	0.07205
F270L	30	0.989	1.0	1.0	947	1	0.21958	0.0098276	0.11251	0.412103	309	13	0.21958
F109_R110insLRF	6	0.98907	0.97724	1.0	948	0	0.6109	0.050741	0.098643	0.375884	389	4	0.6109
S20Ter	8	0.98944	0.98897	1.0	949	0	0.49713	0.049932	0.17268	0.586915	387	5	0.49713
E51DfsTer74	9	0.98972	0.99036	1.0	950	0	0.45889	0.030495	0.10161	0.383656	357	6	0.45889
S314F	23	0.99001	0.99985	1.0	951	1	0.59404	0.026516	0.15234	0.537143	348	12	0.59404
L344P	12	0.99042	0.99585	1.0	952	0	0.27655	0.033333	0.15652	0.542594	365	5	0.27655
R110VfsTer13	12	0.99116	0.99585	1.0	953	0	0.30653	0.66441	0.87732	1.0	719	3	0.30653
E271VfsTer35	30	0.99156	1.0	1.0	954	3	0.076588	0.15434	0.53547	1.0	469	7	0.076588
L264V	12	0.99165	0.99585	1.0	955	0	0.079333	0.51847	0.79697	1.0	648	4	0.079333
C135S	3	0.99175	0.98745	1.0	956	0	2.3356	0.00026928	2.8242e-05	0.000296	209	3	2.3356
L289TfsTer17	24	0.99182	0.99987	1.0	957	1	0.82207	4.6641e-05	0.0010369	0.007188	177	16	0.82207
L194H	24	0.99182	0.99987	1.0	958	2	0.55529	3.5046e-05	0.0010288	0.007173	172	16	0.55529
E346E	29	0.99252	0.99999	1.0	959	1	0.60119	9.7195e-06	0.0007222	0.005182	153	18	0.60119
S315FfsTer30	20	0.99294	0.99965	1.0	960	2	0.56467	0.047267	0.22689	0.723094	384	10	0.56467
R110C	12	0.99311	0.99585	1.0	961	0	0.36567	0.20303	0.42705	1.0	499	5	0.36567
N288IfsTer57	25	0.99344	0.99992	1.0	962	2	0.43881	0.27957	0.69731	1.0	545	9	0.43881
Q144SfsTer26	7	0.99356	0.98042	1.0	963	0	0.64559	0.032962	0.105	0.393996	364	5	0.64559
F212SfsTer3	10	0.99403	0.99391	1.0	964	0	0.53445	0.032019	0.10808	0.403097	361	6	0.53445
Q100Ter	28	0.99431	0.99996	1.0	965	2	0.69909	5.5443e-05	0.0019245	0.012696	179	19	0.69909
H193Q	26	0.99452	0.99995	1.0	966	1	0.54116	7.0088e-05	0.0020617	0.013456	184	18	0.54116
H193N	26	0.99452	0.99995	1.0	967	1	0.95872	9.4109e-09	4.0346e-06	5.1e-05	65	22	0.95872
E62K	26	0.99452	0.99995	1.0	968	1	0.45626	0.024896	0.15605	0.542594	345	13	0.45626
H193L	26	0.99452	0.99995	1.0	969	1	0.53899	0.00024366	0.0050473	0.029122	208	17	0.53899
K321EfsTer16	26	0.99452	0.99995	1.0	970	1	1.116	1.0688e-05	0.00036715	0.00273	156	19	1.116
L130I	10	0.99458	0.99391	1.0	971	0	0.68333	0.016718	0.065131	0.265501	326	6	0.68333
V218G	28	0.99469	0.99996	1.0	972	1	0.022627	0.70079	0.96274	1.0	741	7	0.022627
P60A	30	0.99482	1.0	1.0	973	2	0.51399	0.0005872	0.012455	0.062376	232	18	0.51399
Q192L	30	0.99514	1.0	1.0	974	1	0.41982	0.0063813	0.074935	0.296599	293	15	0.41982
E326K	18	0.99517	0.99922	1.0	975	1	0.94047	4.6107e-05	0.0007222	0.005182	176	14	0.94047
G108S	15	0.99521	0.99889	1.0	976	1	0.35214	0.095888	0.35407	0.991896	427	7	0.35214
M237I	9	0.99526	0.99449	1.0	977	0	1.9346	2.4814e-05	0.00015735	0.001313	167	6	1.9346
P316L	27	0.99551	0.99999	1.0	978	1	0.60578	0.0072108	0.092825	0.357041	297	14	0.60578
L265R	30	0.99572	1.0	1.0	979	2	0.16593	0.41502	0.80934	1.0	606	10	0.16593
D48N	30	0.99581	1.0	1.0	980	3	0.18724	0.16814	0.53805	1.0	480	9	0.18724
K292Ter	29	0.99588	0.99999	1.0	981	2	0.7535	1.9773e-07	4.0346e-06	5.1e-05	98	22	0.7535
Y107D	15	0.99601	0.99889	1.0	982	0	0.12071	0.5933	0.83145	1.0	683	3	0.12071
A347P	30	0.99617	1.0	1.0	983	1	0.93061	5.8392e-09	4.0346e-06	5.1e-05	61	24	0.93061
G199E	3	0.99617	0.99768	1.0	984	0	0.68884	0.0038265	0.0023199	0.014749	272	3	0.68884
R290L	28	0.99621	1.0	1.0	985	2	0.48842	0.036272	0.23818	0.745542	371	12	0.48842
H214LfsTer33	3	0.99622	0.99768	1.0	986	0	1.4181	0.0037787	0.0023199	0.014749	271	3	1.4181
F109I	13	0.99625	0.99874	1.0	987	0	0.22483	0.92763	0.98992	1.0	903	2	0.22483
Q317PfsTer20	28	0.99658	1.0	1.0	988	3	0.54015	0.042392	0.23903	0.74629	379	13	0.54015
A39S	30	0.99663	1.0	1.0	989	3	0.30572	0.045803	0.27378	0.83772	383	14	0.30572
K120SfsTer3	30	0.99668	1.0	1.0	990	3	0.28052	0.095872	0.40953	1.0	426	11	0.28052
N239_S240insR	12	0.99679	0.99787	1.0	991	0	2.3424	1.592e-11	4.0346e-06	5.1e-05	22	8	2.3424
Q317PfsTer29	29	0.99699	0.99999	1.0	992	1	0.61717	0.00054428	0.015796	0.07815	231	16	0.61717
F270V	29	0.99705	0.99999	1.0	993	3	0.15072	0.30903	0.7405	1.0	565	10	0.15072
D208V	24	0.99707	0.99989	1.0	994	1	0.78797	5.423e-08	4.0346e-06	5.1e-05	86	20	0.78797
P64L	23	0.99711	0.99992	1.0	995	2	0.76701	0.0013484	0.022759	0.108278	247	13	0.76701
S314S	22	0.99714	0.99986	1.0	996	1	0.98513	1.1441e-05	0.0002219	0.001702	159	17	0.98513
E287K	13	0.99737	0.99874	1.0	997	0	0.91668	1.8303e-05	0.00010894	0.000948	164	11	0.91668
F328LfsTer17	6	0.99746	0.99601	1.0	998	0	1.0923	0.019396	0.053447	0.225358	329	4	1.0923
Y126Y	30	0.99767	1.0	1.0	999	3	0.13193	0.16474	0.53804	1.0	479	12	0.13193
N239H	12	0.99781	0.99787	1.0	1000	0	1.5791	5.8935e-06	5.245e-05	0.000511	144	9	1.5791
R196Ter	17	0.99785	0.99961	1.0	1001	1	1.0671	5.7994e-07	4.0346e-06	5.1e-05	111	15	1.0671
L201CfsTer46	21	0.99786	0.99974	1.0	1002	1	0.80457	7.5797e-10	4.0346e-06	5.1e-05	45	19	0.80457
P27A	15	0.99796	0.9989	1.0	1003	0	0.18081	0.29637	0.62569	1.0	560	5	0.18081
L194R	24	0.99804	0.99989	1.0	1004	2	0.41271	0.0013291	0.014012	0.069891	246	13	0.41271
S20QfsTer24	20	0.99808	0.99976	1.0	1005	1	0.58638	0.0071312	0.04988	0.211775	295	12	0.58638
L130H	10	0.9981	0.99649	1.0	1006	0	0.87703	0.0078113	0.041085	0.178762	302	7	0.87703
P191QfsTer392	30	0.99811	1.0	1.0	1007	3	0.44697	0.0014883	0.026899	0.122387	251	17	0.44697
N263S	15	0.99811	0.9995	1.0	1008	0	0.20369	0.30197	0.62569	1.0	563	6	0.20369
R110G	12	0.99821	0.99787	1.0	1009	0	0.21622	0.28545	0.55782	1.0	548	5	0.21622
L344M	9	0.99825	0.9945	1.0	1010	0	0.32253	0.28937	0.53709	1.0	551	3	0.32253
C135Y	3	0.99853	0.99902	1.0	1011	0	2.8656	3.5309e-05	4.0346e-06	5.1e-05	173	3	2.8656
R213L	11	0.99855	0.9982	1.0	1012	0	0.89388	0.00035558	0.0034173	0.020454	218	9	0.89388
N263D	15	0.9986	0.9995	1.0	1013	0	0.18302	0.6138	0.86708	1.0	693	4	0.18302
L26L	15	0.99864	0.9995	1.0	1014	0	0.10387	0.85638	0.97763	1.0	824	3	0.10387
Q136P	18	0.99864	0.99971	1.0	1015	0	-0.15944	0.048103	0.21796	0.69646	385	3	-0.15944
Q52Ter	29	0.9987	0.99999	1.0	1016	1	0.70707	2.034e-07	4.0346e-06	5.1e-05	99	22	0.70707
R290H	28	0.99875	1.0	1.0	1017	2	0.36133	0.0014695	0.026931	0.122387	249	14	0.36133
F134I	15	0.99878	0.9995	1.0	1018	0	0.99595	0.00012231	0.0011095	0.007563	193	10	0.99595
F109S	13	0.99878	0.99875	1.0	1019	0	0.24813	0.81341	0.95984	1.0	799	3	0.24813
L264I	12	0.99886	0.99894	1.0	1020	0	0.32311	0.12514	0.36203	1.0	450	6	0.32311
S378S	17	0.99893	0.99962	1.0	1021	0	0.8564	0.00051236	0.005943	0.032687	229	12	0.8564
E204Q	30	0.99895	1.0	1.0	1022	2	0.4958	0.053785	0.33168	0.957589	392	13	0.4958
G187D	30	0.99896	1.0	1.0	1023	2	0.22657	0.26164	0.66062	1.0	536	11	0.22657
V216G	30	0.99896	1.0	1.0	1024	1	0.0013875	0.91739	0.99571	1.0	892	6	0.0013875
G262G	11	0.99909	0.9982	1.0	1025	0	0.53792	0.021429	0.090598	0.34957	335	7	0.53792
N210N	12	0.9991	0.99894	1.0	1026	0	1.1982	1.0706e-05	0.00012507	0.001066	157	11	1.1982
S240RfsTer25	12	0.99922	0.99894	1.0	1027	0	2.2759	7.0361e-11	4.0346e-06	5.1e-05	31	10	2.2759
R196G	16	0.99922	0.99973	1.0	1028	0	0.78113	0.0002745	0.0027234	0.016877	211	12	0.78113
E286Q	27	0.99926	1.0	1.0	1029	2	0.023072	0.254	0.65083	1.0	531	7	0.023072
K386K	9	0.99931	0.99672	1.0	1030	0	0.23619	0.49214	0.78346	1.0	642	3	0.23619
P322RfsTer16	15	0.99932	0.99951	1.0	1031	0	1.3208	0.00010733	0.0011095	0.007563	191	11	1.3208
Y107Ter	15	0.99934	0.99951	1.0	1032	0	0.45895	0.049318	0.20057	0.654889	386	8	0.45895
G105S	15	0.99934	0.99951	1.0	1033	0	0.42785	0.00042031	0.0059592	0.032687	223	7	0.42785
F341_R342insQLRDV	6	0.99943	0.9977	1.0	1034	0	1.2697	0.00015609	0.0004075	0.003012	199	6	1.2697
P27L	15	0.99944	0.99951	1.0	1035	0	0.32669	0.48205	0.81147	1.0	636	5	0.32669
N345S	27	0.99945	1.0	1.0	1036	1	1.1921	1.3148e-12	4.0346e-06	5.1e-05	11	21	1.1921
S20L	9	0.99948	0.99896	1.0	1037	0	0.8898	6.9685e-05	0.00027839	0.002096	183	8	0.8898
D324G	30	0.99948	1.0	1.0	1038	2	1.2256	3.0637e-09	4.0346e-06	5.1e-05	54	22	1.2256
L194V	21	0.99949	0.9999	1.0	1039	1	0.42788	0.0068015	0.071433	0.286433	294	10	0.42788
W53Ter	30	0.99951	1.0	1.0	1040	2	0.53745	6.0983e-05	0.0033851	0.020454	180	20	0.53745
N239IfsTer25	12	0.99952	0.99895	1.0	1041	0	1.4015	2.6466e-08	4.0346e-06	5.1e-05	76	11	1.4015
V197G	30	0.99952	1.0	1.0	1042	1	0.82975	5.6341e-12	4.0346e-06	5.1e-05	19	27	0.82975
D61H	29	0.99956	0.99999	1.0	1043	2	0.62527	0.00014831	0.0055315	0.031277	198	18	0.62527
G266Ter	30	0.99959	1.0	1.0	1044	1	0.19629	0.29558	0.70894	1.0	559	11	0.19629
N210TfsTer37	15	0.99963	0.99951	1.0	1045	0	1.0145	5.2756e-06	0.00018156	0.001475	143	13	1.0145
R290C	27	0.99967	1.0	1.0	1046	1	0.60303	0.003252	0.044466	0.190767	268	15	0.60303
R342SfsTer8	3	0.99968	0.99997	1.0	1047	0	1.5607	0.00031978	2.8242e-05	0.000296	215	3	1.5607
P98R	30	0.99971	1.0	1.0	1048	1	1.1902	3.0807e-10	4.0346e-06	5.1e-05	42	25	1.1902
E346K	30	0.99972	1.0	1.0	1049	2	0.51776	2.7398e-06	0.00020577	0.001608	132	21	0.51776
C238Ter	21	0.99973	0.99991	1.0	1050	0	1.0115	3.3055e-05	0.00052854	0.00386	170	15	1.0115
N310TfsTer35	24	0.99973	0.99996	1.0	1051	1	0.26793	0.0092448	0.083569	0.323469	307	10	0.26793
Y103H	14	0.99974	0.99966	1.0	1052	0	1.0334	7.0043e-07	3.6312e-05	0.000371	114	10	1.0334
R110R	12	0.99977	0.99895	1.0	1053	0	0.39232	0.24858	0.55782	1.0	527	5	0.39232
G293EfsTer13	29	0.99979	0.99999	1.0	1054	1	0.52139	3.8875e-06	0.00016542	0.001371	138	21	0.52139
G262V	15	0.99981	0.99979	1.0	1055	0	0.44354	0.013158	0.08315	0.322863	316	9	0.44354
L194P	24	0.99983	0.99996	1.0	1056	1	0.8577	1.6153e-05	0.00088358	0.006303	161	17	0.8577
L264YfsTer81	12	0.99983	0.99895	1.0	1057	0	0.48681	0.0058716	0.043836	0.188727	291	8	0.48681
L350I	21	0.99985	0.99997	1.0	1058	0	0.43241	0.018585	0.13038	0.465044	328	11	0.43241
D208G	24	0.99987	0.99996	1.0	1059	0	0.83986	3.894e-08	4.0346e-06	5.1e-05	80	20	0.83986
S96Y	30	0.99987	1.0	1.0	1060	1	1.1178	2.7413e-06	0.00020577	0.001608	133	21	1.1178
S94L	18	0.99987	0.99989	1.0	1061	0	0.9315	0.0027624	0.021105	0.101156	264	11	0.9315
E28K	15	0.99987	0.99979	1.0	1062	0	0.31967	0.057615	0.21475	0.68799	395	8	0.31967
E204D	24	0.99987	0.99996	1.0	1063	0	0.90722	1.0571e-05	0.00041557	0.003053	155	17	0.90722
Y107S	15	0.99987	0.99979	1.0	1064	0	0.32115	0.1167	0.38235	1.0	441	7	0.32115
L206Ter	30	0.99988	1.0	1.0	1065	1	0.86393	2.2312e-06	0.0001977	0.001565	129	21	0.86393
C238S	12	0.99989	0.99954	1.0	1066	0	1.7405	4.8882e-07	1.2104e-05	0.000138	110	11	1.7405
R110_L111insN	18	0.99989	0.99989	1.0	1067	0	0.42394	0.058844	0.24513	0.759563	397	9	0.42394
C238Y	12	0.9999	0.99954	1.0	1068	0	1.9089	1.3115e-09	4.0346e-06	5.1e-05	50	11	1.9089
S371F	20	0.9999	0.99996	1.0	1069	0	1.2646	1.3951e-06	4.4381e-05	0.000443	124	16	1.2646
K320R	12	0.9999	0.99954	1.0	1070	0	1.1367	0.00016619	0.0017793	0.011801	201	10	1.1367
V97D	30	0.99991	1.0	1.0	1071	1	1.0965	2.4613e-10	4.0346e-06	5.1e-05	41	26	1.0965
V197M	30	0.99991	1.0	1.0	1072	1	0.82332	6.3314e-11	4.0346e-06	5.1e-05	29	26	0.82332
E62Ter	26	0.99991	0.99999	1.0	1073	1	0.79608	3.0438e-05	0.00098849	0.006971	169	18	0.79608
P27LfsTer17	30	0.99991	1.0	1.0	1074	1	0.26048	0.087537	0.3786	1.0	418	13	0.26048
H193Y	26	0.99992	0.99999	1.0	1075	1	0.5279	0.00014274	0.0035868	0.021261	196	17	0.5279
K292N	29	0.99992	1.0	1.0	1076	1	0.57145	0.00027934	0.0074762	0.040411	212	18	0.57145
N268RfsTer4	30	0.99993	1.0	1.0	1077	1	0.27706	0.056354	0.33168	0.957589	394	13	0.27706
E56K	28	0.99993	1.0	1.0	1078	1	0.68228	1.0796e-06	5.245e-05	0.000511	119	21	0.68228
E204Ter	30	0.99993	1.0	1.0	1079	1	0.62084	0.00027207	0.010228	0.052771	210	19	0.62084
P322P	20	0.99994	0.99996	1.0	1080	0	0.88936	0.00030801	0.0047972	0.027896	214	14	0.88936
L194F	9	0.99995	0.9999	1.0	1081	0	0.9371	1.7587e-05	0.00014928	0.001255	163	8	0.9371
G262NfsTer392	15	0.99995	0.99979	1.0	1082	0	0.66768	0.00064028	0.0059592	0.032687	235	10	0.66768
R202C	21	0.99995	0.99998	1.0	1083	0	1.0241	7.0064e-09	4.0346e-06	5.1e-05	62	19	1.0241
L265Q	30	0.99996	1.0	1.0	1084	1	0.053121	0.37365	0.80679	1.0	589	10	0.053121
Y205H	24	0.99996	1.0	1.0	1085	0	0.8426	6.8375e-06	0.00023804	0.001803	147	17	0.8426
R290R	28	0.99996	1.0	1.0	1086	1	0.64692	0.00088772	0.015747	0.07815	238	16	0.64692
S392L	30	0.99996	1.0	1.0	1087	1	0.74393	3.9181e-10	4.0346e-06	5.1e-05	43	26	0.74393
Y327Ter	30	0.99996	1.0	1.0	1088	1	0.46225	0.022858	0.20228	0.654889	343	14	0.46225
P318P	24	0.99996	1.0	1.0	1089	0	1.0743	7.9668e-06	0.00023804	0.001803	148	18	1.0743
I195T	23	0.99997	1.0	1.0	1090	0	0.68589	9.891e-05	0.0020859	0.013542	187	15	0.68589
P64S	24	0.99997	1.0	1.0	1091	0	0.56902	0.0041241	0.038737	0.170357	278	14	0.56902
G262S	15	0.99997	0.99979	1.0	1092	0	0.49246	0.014692	0.08315	0.322863	322	9	0.49246
P27S	15	0.99997	0.99979	1.0	1093	0	0.58089	1.2273e-05	0.00018963	0.001521	160	13	0.58089
R267_N268insRT	30	0.99997	1.0	1.0	1094	1	0.16694	0.93989	0.99682	1.0	910	6	0.16694
G266V	30	0.99997	1.0	1.0	1095	1	0.29225	0.021569	0.20228	0.654889	336	15	0.29225
P98L	30	0.99998	1.0	1.0	1096	1	1.1286	2.3924e-07	1.2104e-05	0.000138	102	23	1.1286
F328SfsTer17	31	0.99998	1.0	1.0	1097	1	0.74204	4.3997e-06	0.00059309	0.004306	141	22	0.74204
C238F	12	0.99998	0.99989	1.0	1098	0	1.8878	4.3169e-09	4.0346e-06	5.1e-05	57	10	1.8878
D208N	24	0.99998	1.0	1.0	1099	0	0.89769	1.5396e-11	4.0346e-06	5.1e-05	21	22	0.89769
I195N	24	0.99998	1.0	1.0	1100	0	0.72241	4.8747e-08	4.0346e-06	5.1e-05	83	20	0.72241
K319RfsTer26	24	0.99998	1.0	1.0	1101	0	1.5577	1.1043e-10	4.0346e-06	5.1e-05	34	20	1.5577
P322L	30	0.99998	1.0	1.0	1102	1	1.1004	6.4301e-11	4.0346e-06	5.1e-05	30	26	1.1004
R267W	30	0.99998	1.0	1.0	1103	1	0.36978	0.0084048	0.11251	0.412103	305	16	0.36978
G59R	30	0.99998	1.0	1.0	1104	0	0.54157	0.00022353	0.008622	0.04521	206	19	0.54157
Y205D	24	0.99998	1.0	1.0	1105	0	0.84922	2.95e-05	0.0010288	0.007173	168	17	0.84922
F270I	30	0.99999	1.0	1.0	1106	0	0.27893	0.022446	0.20228	0.654889	341	15	0.27893
V216E	30	0.99999	1.0	1.0	1107	0	0.00024626	0.97052	0.99929	1.0	953	5	0.00024626
V217M	29	0.99999	1.0	1.0	1108	0	-0.019651	0.98816	0.99975	1.0	991	4	-0.019651
N263IfsTer82	15	0.99999	0.99989	1.0	1109	0	0.3625	0.00087047	0.0059672	0.032687	237	11	0.3625
H193D	26	0.99999	1.0	1.0	1110	0	0.76878	7.3181e-07	3.6312e-05	0.000371	115	20	0.76878
P98_S98del	30	0.99999	1.0	1.0	1111	0	1.0769	4.8423e-12	4.0346e-06	5.1e-05	18	27	1.0769
D393H	27	0.99999	1.0	1.0	1112	0	0.63329	1.8681e-10	4.0346e-06	5.1e-05	38	23	0.63329
R196L	28	0.99999	1.0	1.0	1113	0	0.85785	4.0851e-12	4.0346e-06	5.1e-05	16	26	0.85785
K319Ter	27	0.99999	1.0	1.0	1114	0	1.2157	7.7971e-09	4.0346e-06	5.1e-05	63	22	1.2157
L265GfsTer392	30	1.0	1.0	1.0	1115	0	0.10571	0.76871	0.96699	1.0	773	7	0.10571
E326DfsTer19	30	1.0	1.0	1.0	1116	0	0.87078	3.7528e-08	4.0346e-06	5.1e-05	79	24	0.87078
L330R	30	1.0	1.0	1.0	1117	0	0.83836	2.3453e-06	0.0001977	0.001565	130	20	0.83836
V197L	30	1.0	1.0	1.0	1118	0	0.92561	3.6715e-15	4.0346e-06	5.1e-05	3	28	0.92561
V97F	30	1.0	1.0	1.0	1119	0	1.4272	1.9703e-10	4.0346e-06	5.1e-05	39	26	1.4272
Q192Ter	30	1.0	1.0	1.0	1120	0	0.42479	0.0042272	0.063073	0.258498	279	16	0.42479
N239TfsTer8	12	1.0	1.0	1.0	1121	0	1.5517	3.5659e-07	1.2104e-05	0.000138	105	11	1.5517
E326Ter	30	1.0	1.0	1.0	1122	0	1.0803	2.0671e-07	1.2104e-05	0.000138	100	23	1.0803
N268I	30	1.0	1.0	1.0	1123	0	0.40924	0.0024441	0.03333	0.148174	261	17	0.40924
Y205S	30	1.0	1.0	1.0	1124	0	0.71593	6.8064e-07	6.0519e-05	0.000554	112	22	0.71593
I195F	9	1.0	0.99999	1.0	1125	0	0.76668	2.9487e-06	2.0173e-05	0.000223	134	9	0.76668
R196PfsTer13	17	1.0	0.99998	1.0	1126	0	0.94609	1.1381e-05	0.0002219	0.001702	158	14	0.94609
S269C	30	1.0	1.0	1.0	1127	0	0.42375	0.0019273	0.033048	0.148174	257	17	0.42375
E51Ter	35	1.0	1.0	1.0	1128	0	0.25822	0.53808	0.92374	1.0	662	11	0.25822
E56Ter	30	1.0	1.0	1.0	1129	0	0.48415	0.022398	0.20228	0.654889	340	15	0.48415
T211P	12	1.0	1.0	1.0	1130	0	1.1313	7.9021e-07	1.2104e-05	0.000138	117	11	1.1313
L201Ter	21	1.0	1.0	1.0	1131	0	0.71712	1.968e-07	4.0346e-06	5.1e-05	97	18	0.71712
V197E	30	1.0	1.0	1.0	1132	0	0.91282	1.5254e-13	4.0346e-06	5.1e-05	8	28	0.91282
R202R	18	1.0	0.99997	1.0	1133	0	1.0817	5.0441e-08	4.0346e-06	5.1e-05	85	16	1.0817
E198D	30	1.0	1.0	1.0	1134	0	0.87081	2.0376e-11	4.0346e-06	5.1e-05	24	27	0.87081
L206L	30	1.0	1.0	1.0	1135	0	0.84122	1.4923e-07	4.0346e-06	5.1e-05	94	23	0.84122
Y205N	24	1.0	1.0	1.0	1136	0	1.1272	2.0803e-08	4.0346e-06	5.1e-05	72	20	1.1272
K321NfsTer24	15	1.0	0.99998	1.0	1137	0	1.5556	1.1322e-06	2.8242e-05	0.000296	121	13	1.5556
L265P	30	1.0	1.0	1.0	1138	0	0.24814	0.019545	0.15742	0.542594	330	14	0.24814
T211NfsTer5	12	1.0	1.0	1.0	1139	0	0.94624	2.173e-06	2.8242e-05	0.000296	128	11	0.94624
Y205C	30	1.0	1.0	1.0	1140	0	0.58917	0.00023904	0.008622	0.04521	207	19	0.58917
I195S	23	1.0	1.0	1.0	1141	0	0.97517	3.4458e-08	4.0346e-06	5.1e-05	77	19	0.97517
P322HfsTer15	21	1.0	1.0	1.0	1142	0	1.1668	3.2841e-06	6.8589e-05	0.000614	137	16	1.1668
T211I	12	1.0	1.0	1.0	1143	0	1.1378	7.8507e-07	1.2104e-05	0.000138	116	12	1.1378
K320Ter	39	1.0	1.0	1.0	1144	1	1.0901	1.4891e-07	2.8242e-05	0.000296	93	27	1.0901
Y205Ter	30	1.0	1.0	1.0	1145	0	0.87127	6.8712e-07	6.0519e-05	0.000554	113	22	0.87127
R196Q	29	1.0	1.0	1.0	1146	0	0.94123	9.6681e-14	4.0346e-06	5.1e-05	7	27	0.94123
R209KfsTer6	18	1.0	1.0	1.0	1147	0	0.78744	1.4797e-08	4.0346e-06	5.1e-05	70	17	0.78744
V97CfsTer52	60	1.0	1.0	1.0	1148	3	1.0177	9.8343e-11	4.0346e-06	5.1e-05	32	40	1.0177
P390S	30	1.0	1.0	1.0	1149	0	0.78558	6.067e-10	4.0346e-06	5.1e-05	44	25	0.78558
K370K	16	1.0	1.0	1.0	1150	0	1.2699	1.4115e-07	2.0173e-05	0.000223	92	13	1.2699
S94S	24	1.0	1.0	1.0	1151	0	1.5009	1.8077e-09	4.0346e-06	5.1e-05	52	20	1.5009
F328L	30	1.0	1.0	1.0	1152	0	0.87504	4.6471e-08	4.0346e-06	5.1e-05	82	23	0.87504
S96_V96del	30	1.0	1.0	1.0	1153	0	1.0399	4.8559e-07	6.0519e-05	0.000554	109	22	1.0399
K321Ter	15	1.0	1.0	1.0	1154	0	1.156	2.1259e-06	3.6312e-05	0.000371	127	13	1.156
R267L	30	1.0	1.0	1.0	1155	0	0.56821	7.9774e-05	0.0034093	0.020454	185	19	0.56821
G266_R266del	30	1.0	1.0	1.0	1156	0	0.20496	0.060877	0.33168	0.957589	401	11	0.20496
D393G	27	1.0	1.0	1.0	1157	0	0.77798	1.0632e-10	4.0346e-06	5.1e-05	33	23	0.77798
P60L	30	1.0	1.0	1.0	1158	0	0.55339	0.00043032	0.011245	0.056778	225	18	0.55339
P390P	29	1.0	1.0	1.0	1159	0	0.75656	3.6083e-09	4.0346e-06	5.1e-05	56	24	0.75656
L22V	20	1.0	1.0	1.0	1160	0	0.87476	7.6929e-08	1.2104e-05	0.000138	88	17	0.87476
D208E	21	1.0	1.0	1.0	1161	0	0.97308	1.7592e-07	4.0346e-06	5.1e-05	95	18	0.97308
R267Q	30	1.0	1.0	1.0	1162	0	0.48869	0.00014311	0.0042001	0.024658	197	19	0.48869
L330I	30	1.0	1.0	1.0	1163	0	0.4308	0.015527	0.12816	0.458462	323	15	0.4308
L201IfsTer8	21	1.0	1.0	1.0	1164	0	0.98469	1.2602e-08	4.0346e-06	5.1e-05	68	19	0.98469
Q331Ter	30	1.0	1.0	1.0	1165	0	0.7431	0.00015878	0.0042323	0.024729	200	19	0.7431
V203E	30	1.0	1.0	1.0	1166	0	0.81189	2.4456e-10	4.0346e-06	5.1e-05	40	25	0.81189
D393EfsTer393	27	1.0	1.0	1.0	1167	0	1.008	1.2754e-09	4.0346e-06	5.1e-05	49	23	1.008
H193R	26	1.0	1.0	1.0	1168	0	0.4601	0.0013053	0.02	0.096652	245	16	0.4601
L206WfsTer41	30	1.0	1.0	1.0	1169	0	0.79487	4.5226e-06	0.0002219	0.001702	142	21	0.79487
R267P	30	1.0	1.0	1.0	1170	0	0.65738	2.0117e-06	0.00018963	0.001521	126	22	0.65738
L330FfsTer15	30	1.0	1.0	1.0	1171	0	0.87766	6.6546e-12	4.0346e-06	5.1e-05	20	27	0.87766
L330H	30	1.0	1.0	1.0	1172	0	0.84782	1.5874e-06	6.8589e-05	0.000614	125	22	0.84782
S95LfsTer25	21	1.0	1.0	1.0	1173	0	1.4886	4.0091e-08	4.0346e-06	5.1e-05	81	18	1.4886
R209Ter	18	1.0	1.0	1.0	1174	0	0.95727	1.8343e-07	1.2104e-05	0.000138	96	16	0.95727
G325A	30	1.0	1.0	1.0	1175	0	1.2118	1.2813e-10	4.0346e-06	5.1e-05	36	26	1.2118
G266E	30	1.0	1.0	1.0	1176	0	0.33479	0.019876	0.15742	0.542594	332	15	0.33479
G325Ter	30	1.0	1.0	1.0	1177	0	1.2091	2.676e-11	4.0346e-06	5.1e-05	27	27	1.2091
Y205F	30	1.0	1.0	1.0	1178	0	0.90001	4.9833e-08	4.0346e-06	5.1e-05	84	24	0.90001
E204G	27	1.0	1.0	1.0	1179	0	1.0754	1.1514e-09	4.0346e-06	5.1e-05	47	23	1.0754
R267G	30	1.0	1.0	1.0	1180	0	0.45507	2.0877e-05	0.0010692	0.00737	165	20	0.45507
N239SfsTer391	12	1.0	1.0	1.0	1181	0	2.8075	2.5346e-12	4.0346e-06	5.1e-05	12	12	2.8075
S269N	30	1.0	1.0	1.0	1182	0	0.52585	0.00011903	0.0036998	0.021825	192	18	0.52585
N268TfsTer77	30	1.0	1.0	1.0	1183	0	0.36173	0.0032247	0.054092	0.225753	267	16	0.36173
V203M	30	1.0	1.0	1.0	1184	0	0.82085	3.819e-07	6.0519e-05	0.000554	107	22	0.82085
G266G	29	1.0	1.0	1.0	1185	0	0.43987	0.00014132	0.0055234	0.031277	195	19	0.43987
E198_G198del	30	1.0	1.0	1.0	1186	0	0.79897	1.2603e-10	4.0346e-06	5.1e-05	35	26	0.79897
W23Ter	19	1.0	1.0	1.0	1187	0	1.3348	5.3907e-14	4.0346e-06	5.1e-05	5	17	1.3348
S392P	30	1.0	1.0	1.0	1188	0	0.6762	1.8569e-11	4.0346e-06	5.1e-05	23	26	0.6762
L194L	20	1.0	1.0	1.0	1189	0	0.8853	8.7308e-08	1.2104e-05	0.000138	89	17	0.8853
P98S	30	1.0	1.0	1.0	1190	0	1.3823	3.307e-11	4.0346e-06	5.1e-05	28	24	1.3823
L330L	30	1.0	1.0	1.0	1191	0	1.0106	3.3775e-12	4.0346e-06	5.1e-05	13	26	1.0106
K319N	27	1.0	1.0	1.0	1192	0	1.2174	7.0429e-08	4.0346e-06	5.1e-05	87	22	1.2174
N200Y	27	1.0	1.0	1.0	1193	0	0.67002	4.92e-09	4.0346e-06	5.1e-05	59	23	0.67002
N200IfsTer47	27	1.0	1.0	1.0	1194	0	0.84741	9.0342e-09	4.0346e-06	5.1e-05	64	23	0.84741
G325E	30	1.0	1.0	1.0	1195	0	0.95883	1.172e-06	6.8589e-05	0.000614	122	22	0.95883
L330P	30	1.0	1.0	1.0	1196	0	1.0199	2.1862e-08	4.0346e-06	5.1e-05	73	23	1.0199
D324A	30	1.0	1.0	1.0	1197	0	1.1846	7.3835e-13	4.0346e-06	5.1e-05	10	28	1.1846
V203L	30	1.0	1.0	1.0	1198	0	1.0124	2.2321e-11	4.0346e-06	5.1e-05	26	27	1.0124
G199Ter	30	1.0	1.0	1.0	1199	0	0.94327	6.7952e-14	4.0346e-06	5.1e-05	6	28	0.94327
E198E	30	1.0	1.0	1.0	1200	0	0.79213	6.9576e-13	4.0346e-06	5.1e-05	9	27	0.79213
D207G	27	1.0	1.0	1.0	1201	0	0.65773	3.5147e-07	2.0173e-05	0.000223	104	21	0.65773
V97LfsTer27	30	1.0	1.0	1.0	1202	0	1.2531	9.2632e-08	4.0346e-06	5.1e-05	90	22	1.2531
P98P	30	1.0	1.0	1.0	1203	0	1.3089	1.7139e-09	4.0346e-06	5.1e-05	51	24	1.3089
E198Ter	29	1.0	1.0	1.0	1204	0	0.82952	3.5794e-12	4.0346e-06	5.1e-05	14	27	0.82952
G199EfsTer48	27	1.0	1.0	1.0	1205	0	1.1205	2.177e-11	4.0346e-06	5.1e-05	25	24	1.1205
R196P	29	1.0	1.0	1.0	1206	0	0.99895	3.594e-12	4.0346e-06	5.1e-05	15	26	0.99895
G199V	30	1.0	1.0	1.0	1207	0	0.85246	4.6204e-12	4.0346e-06	5.1e-05	17	27	0.85246
L22L	20	1.0	1.0	1.0	1208	0	1.2754	1.582e-16	4.0346e-06	5.1e-05	2	20	1.2754
Q331H	30	1.0	1.0	1.0	1209	0	1.4153	2.212e-18	4.0346e-06	5.1e-05	1	29	1.4153
D393N	27	1.0	1.0	1.0	1210	0	0.99339	2.8104e-14	4.0346e-06	5.1e-05	4	26	0.99339
